5
40
0.3526230914009191
0.05648894729022067
0.06105556266092848
0.273063536712257
0.2567688619356746
0,0,0,0.6673749529214829,0,1.369171507721342,0,0,2.112656941342414,0.1131399337795336,4.619781678625719,0,3.92013923134358,2.32399006436883,4.431957354441475,0,0,0.7647639499092157,0,0,4.853494865880601,0,0,1.629988349858368,2.791492457654531,0.3448892310542917,4.737191313143609,0,0,3.201049230824549,0,1.906445040136686,0,3.511554591793183,3.054603401396772,1.244733374066779,0,0,0,4.52141245816606
0,0,0,3.172308483852203,0,2.557645460997129,0,0,0,1.097355722249521,4.751976675659528,0.5733421659142068,1.081136646381158,3.21224632790045,0,0,0,0.6150850842872668,0,0.1702859224060771,0.3869502351646276,0,0,4.433503814197875,0.6543827388005896,0,0,4.793567979449456,0,0,0,4.484145036321904,0,2.182759488711529,0,0,0,0,0,4.200819686946938
0,0,0,1.893960375309893,0.7646058939237388,0,0,0.962900434032628,0,0,0.3102124625476443,2.253070361437179,0,0,2.058451131257065,0,0,0,0,4.871906615168516,0,0.7149527704457226,0,0,0,4.404195637298688,2.995712546542967,0.7759933313431278,0,0,0,0,0,1.237730012567322,2.663917188484743,3.865574061361893,0,1.552346777535011,0,1.299945581612361
0.6673749529214829,3.172308483852203,1.893960375309893,0,0,0,0,4.199182113999055,3.158111891748315,0,0,0,3.125100009180039,0,3.204585175698695,4.128104059444066,0,0,0,3.111524923575619,0,0,0,0,0.07228373558145818,0.6735101431318513,2.861374650892885,0,0,0.8273529768411664,4.776848826387782,0,0,0,2.351856676155013,0,0,0,2.982258709860186,0
0,0,0.7646058939237388,0,0,0,0,0,0,0.005044392535062392,0,3.126212993901054,0.03831222750202035,0,3.917097152196394,0,0,2.738213711366381,1.991359972625648,0,0,4.852275436359132,0,0.6600543720448782,0.3107352580868394,0,4.152798693676521,0,1.835545219270999,1.730701008487258,1.935321570719565,3.20038644572713,0,3.051751310564716,0,3.65639352662873,0,2.701075435214532,0,3.031778600660675
1.369171507721342,2.557645460997129,0,0,0,0,0,2.735305529891031,0,1.490664255920083,0,0,0.8443998567212618,0,0,0,0.9493123890123512,0,0,0.3811902377371656,0,1.007921636226247,1.618945769988818,0,0,4.08588207612169,4.863024660883603,0,3.899734552144741,0,0,0,3.629348790739511,1.363406134270712,3.320091129057157,0,0,0,0.5983247055147733,0
0,0,0,0,0,0,0,0.1584383100095388,0,0,0,0,0,2.787515265545337,0.7953641126286864,0,4.637427664460583,0,0,0,1.965517173028445,1.021084606970881,0,0,0,4.029738301593488,0,1.331107187835797,2.164526640593843,0.668572541830843,2.534302556212706,3.423444002098507,2.178315399187642,0,0,0.1975315212581441,2.781824875468457,0,2.29033469000459,3.786365814919094
0,0,0.962900434032628,4.199182113999055,0,2.735305529891031,0.1584383100095388,0,0,0,3.659750645799898,1.401985028447716,2.735479798382735,0,0,0,0,2.887900306347223,0,2.295111970392596,1.926760525876024,1.437920276246569,0,3.187613196699988,4.52765674034301,0.7702916375843116,0,0,2.308320534673331,1.590828582698917,1.179474600482624,3.292267279780114,4.013313002726479,1.636959394402748,0,0,0,0,0.6949444484986994,0
2.112656941342414,0,0,3.158111891748315,0,0,0,0,0,2.813179162596164,0,0,0,3.605781549588563,2.974309591343203,0,0,0,0,0,0,0,4.030520937245849,0,0,0.863781471490786,4.005550494958953,3.878128615739422,0,0,0,0.9365911905661928,0,0,2.585492487044454,0,3.335951987206602,2.992813820199612,2.181885533407605,1.145114733964939
0.1131399337795336,1.097355722249521,0,0,0.005044392535062392,1.490664255920083,0,0,2.813179162596164,0,2.556926160300409,1.730548954480218,0,4.108950696595219,0,3.900967396157584,0,0.07192700284532672,2.955340874732552,4.633103012418699,1.877093918233265,0,1.582388933835412,3.147315655208627,3.36997461018919,1.527729012994888,0,0,0,3.20173456242293,0,0,0,0,3.750579004081782,1.923930613566114,1.06845745411444,0,2.704736121060711,0
4.619781678625719,4.751976675659528,0.3102124625476443,0,0,0,0,3.659750645799898,0,2.556926160300409,0,4.869119133008908,0,0,1.40132612116432,2.223124855231284,1.993744867385904,0,3.926875555190588,0,0.5491984007034451,0,0,0,0,0,0.7062207921632002,0,0,3.949231842325494,0,1.251647632626517,4.834745522127749,2.602381263869373,2.835989369154015,0,0.4066025142842206,0,0,4.253245997978958
0,0.5733421659142068,2.253070361437179,0,3.126212993901054,0,0,1.401985028447716,0,1.730548954480218,4.869119133008908,0,3.984791421629921,0,0,0,1.468529971961852,1.729486904584068,0,0,1.633393083073315,4.658819542084486,1.897115784221227,0,0,0.1527738785024674,2.789324806614908,0,0,0,0,0,0,2.157968233810604,0,0,1.00474178682896,2.973950711243243,3.112213209837864,0
3.92013923134358,1.081136646381158,0,3.125100009180039,0.03831222750202035,0.8443998567212618,0,2.735479798382735,0,0,0,3.984791421629921,0,2.995534591827132,0.1616416910348484,0,1.447699093898614,3.507481950769897,0,4.815672051150075,2.686607067180419,2.170206472758445,1.877918874829891,0,0.7297299020985815,1.233505405677779,1.175284175229768,4.758033130851583,1.4866096890455,1.511187128974941,0,4.33580935889181,0.3880769260816003,0,0,0,0,1.258109121545821,2.822369608913478,0
2.32399006436883,3.21224632790045,0,0,0,0,2.787515265545337,0,3.605781549588563,4.108950696595219,0,0,2.995534591827132,0,2.639506503542193,2.043549962217725,0,0,1.852377598896581,0,2.438318036051859,2.578386248037523,1.157899190256517,0,0,0.5225976497531698,0.2957665203766713,3.897382534241105,3.097843062514851,0,0,0,0,1.661992809577182,0,2.083828508759279,2.99050158570744,0.3184325152568135,0.4918926519243744,1.855818993830722
4.431957354441475,0,2.058451131257065,3.204585175698695,3.917097152196394,0,0.7953641126286864,0,2.974309591343203,0,1.40132612116432,0,0.1616416910348484,2.639506503542193,0,3.546204767667836,0,0,4.992126457531985,0,0,2.608606243911375,0,0,2.562816923901996,0,1.143823862748162,1.367981104473965,3.137575234507121,0,1.156836102896533,0.4939001793675157,0,0,4.119814714230098,4.706502655742078,4.785550825893299,0,4.064719848362758,1.920815844114154
0,0,0,4.128104059444066,0,0,0,0,0,3.900967396157584,2.223124855231284,0,0,2.043549962217725,3.546204767667836,0,0,1.224402648715814,1.351598060232122,3.168655555218208,0,0,0,1.834699760233241,0,3.109769707722513,4.833779377498655,0,0,0,0,0,0,0,0,2.081659295108687,0,0,0,4.934243749927816
0,0,0,0,0,0.9493123890123512,4.637427664460583,0,0,0,1.993744867385904,1.468529971961852,1.447699093898614,0,0,0,0,0.1989823478481961,0,2.517207317392217,0.2804787158852523,3.154523783761487,0,0,4.227923792923798,0,1.834379698610051,1.330487506714837,0.006603900366558002,0,0,0,0,0.3192559241152298,0,0,0,0,0.510468973935454,3.357823834398217
0.7647639499092157,0.6150850842872668,0,0,2.738213711366381,0,0,2.887900306347223,0,0.07192700284532672,0,1.729486904584068,3.507481950769897,0,0,1.224402648715814,0.1989823478481961,0,0,0,0.6618482001502085,0.3964869773016161,0,0,0,0,0.6471962264447334,0,0.1843871364882038,1.15066794950142,0.6717134948544751,0,0,0,0.07447437765278064,1.643615104397191,0.09011066527544354,2.219947317016619,0,0
0,0,0,0,1.991359972625648,0,0,0,0,2.955340874732552,3.926875555190588,0,0,1.852377598896581,4.992126457531985,1.351598060232122,0,0,0,0,0.9409866442506998,1.432819770197461,2.678808490379744,0,0,0,0,0,2.257798260023076,0.1451775486177204,0,1.883057823796763,0.372668077355417,1.851971896938311,0,1.829694194486775,0,1.938315703428235,0,0
0,0.1702859224060771,4.871906615168516,3.111524923575619,0,0.3811902377371656,0,2.295111970392596,0,4.633103012418699,0,0,4.815672051150075,0,0,3.168655555218208,2.517207317392217,0,0,0,0.2476014809775173,0,1.720143743800386,0,0,0,2.768394142243281,0,0,4.434520479122112,0,0,0,0.2148385664096331,0,0,0,0,3.387496661786441,0
4.853494865880601,0.3869502351646276,0,0,0,0,1.965517173028445,1.926760525876024,0,1.877093918233265,0.5491984007034451,1.633393083073315,2.686607067180419,2.438318036051859,0,0,0.2804787158852523,0.6618482001502085,0.9409866442506998,0.2476014809775173,0,1.045569397097401,3.879087101889031,3.015373507182977,0.4372942511196326,1.154392021197174,0,0,0,0.9369053371238523,0,0.473431787226602,0,3.916239504234426,4.795761029193165,0,0,0,0,0
0,0,0.7149527704457226,0,4.852275436359132,1.007921636226247,1.021084606970881,1.437920276246569,0,0,0,4.658819542084486,2.170206472758445,2.578386248037523,2.608606243911375,0,3.154523783761487,0.3964869773016161,1.432819770197461,0,1.045569397097401,0,4.731637848849291,0,2.822290759907112,0,0,4.212018047488372,3.81202363670118,3.458110286178219,0,0,3.455517715882135,2.561734249600092,1.680562237249131,0,0,1.485051447609673,2.642072091445362,4.139780404778829
0,0,0,0,0,1.618945769988818,0,0,4.030520937245849,1.582388933835412,0,1.897115784221227,1.877918874829891,1.157899190256517,0,0,0,0,2.678808490379744,1.720143743800386,3.879087101889031,4.731637848849291,0,0,0,0,2.05196287588117,0,2.061975001044505,0,0,0.3515362049733661,0,0,1.126014546879907,0,1.669889655883668,0,0,2.074991357934742
1.629988349858368,4.433503814197875,0,0,0.6600543720448782,0,0,3.187613196699988,0,3.147315655208627,0,0,0,0,0,1.834699760233241,0,0,0,0,3.015373507182977,0,0,0,0,0,0,1.149620191179908,2.758190535615524,0,1.201410582663774,4.457912858792143,0,3.457530679017595,0,1.145697762492699,0,0,0,2.599515930661946
2.791492457654531,0.6543827388005896,0,0.07228373558145818,0.3107352580868394,0,0,4.52765674034301,0,3.36997461018919,0,0,0.7297299020985815,0,2.562816923901996,0,4.227923792923798,0,0,0,0.4372942511196326,2.822290759907112,0,0,0,0,0.5144327403467969,4.858913979547649,0,0.9532921709397296,3.843275894814792,0,4.589061013957977,0.3986143561622085,0,1.969125123816089,2.115128044970381,2.48382326039796,2.824082493581964,4.361406216663889
0.3448892310542917,0,4.404195637298688,0.6735101431318513,0,4.08588207612169,4.029738301593488,0.7702916375843116,0.863781471490786,1.527729012994888,0,0.1527738785024674,1.233505405677779,0.5225976497531698,0,3.109769707722513,0,0,0,0,1.154392021197174,0,0,0,0,0,0,1.240899801807601,1.166693564012129,0,0.6611140208367433,4.203105051787375,4.676171988379782,0,0,0,3.744592719045263,0,0,0
4.737191313143609,0,2.995712546542967,2.861374650892885,4.152798693676521,4.863024660883603,0,0,4.005550494958953,0,0.7062207921632002,2.789324806614908,1.175284175229768,0.2957665203766713,1.143823862748162,4.833779377498655,1.834379698610051,0.6471962264447334,0,2.768394142243281,0,0,2.05196287588117,0,0.5144327403467969,0,0,2.222724645634949,1.436471155648211,0.9085259726236011,0,4.981920811686112,4.046099188144835,2.935707335371484,2.762268160620649,2.936224345081318,2.227262750210639,0,0.1816461800988178,2.887736743110926
0,4.793567979449456,0.7759933313431278,0,0,0,1.331107187835797,0,3.878128615739422,0,0,0,4.758033130851583,3.897382534241105,1.367981104473965,0,1.330487506714837,0,0,0,0,4.212018047488372,0,1.149620191179908,4.858913979547649,1.240899801807601,2.222724645634949,0,0,2.642868863741615,0,0,0,1.462963455275352,0,2.461844055546795,0,0,1.574960434261556,2.964534683914315
0,0,0,0,1.835545219270999,3.899734552144741,2.164526640593843,2.308320534673331,0,0,0,0,1.4866096890455,3.097843062514851,3.137575234507121,0,0.006603900366558002,0.1843871364882038,2.257798260023076,0,0,3.81202363670118,2.061975001044505,2.758190535615524,0,1.166693564012129,1.436471155648211,0,0,0,4.868395036273194,0,0,0,0,0.03037023265983929,4.71385652411474,0,0,2.194334827885635
3.201049230824549,0,0,0.8273529768411664,1.730701008487258,0,0.668572541830843,1.590828582698917,0,3.20173456242293,3.949231842325494,0,1.511187128974941,0,0,0,0,1.15066794950142,0.1451775486177204,4.434520479122112,0.9369053371238523,3.458110286178219,0,0,0.9532921709397296,0,0.9085259726236011,2.642868863741615,0,0,0.6865274030579205,0,4.729913257200239,0,0,0,0.01531787078588476,4.120359465803451,0,0.7574928699087519
0,0,0,4.776848826387782,1.935321570719565,0,2.534302556212706,1.179474600482624,0,0,0,0,0,0,1.156836102896533,0,0,0.6717134948544751,0,0,0,0,0,1.201410582663774,3.843275894814792,0.6611140208367433,0,0,4.868395036273194,0.6865274030579205,0,0,0,4.900796725470171,2.858758212216551,0,0,3.493949512443441,0,0
1.906445040136686,4.484145036321904,0,0,3.20038644572713,0,3.423444002098507,3.292267279780114,0.9365911905661928,0,1.251647632626517,0,4.33580935889181,0,0.4939001793675157,0,0,0,1.883057823796763,0,0.473431787226602,0,0.3515362049733661,4.457912858792143,0,4.203105051787375,4.981920811686112,0,0,0,0,0,0,3.785600324446394,0,0,3.568404709472701,3.592297625525411,0,2.599754443525326
0,0,0,0,0,3.629348790739511,2.178315399187642,4.013313002726479,0,0,4.834745522127749,0,0.3880769260816003,0,0,0,0,0,0.372668077355417,0,0,3.455517715882135,0,0,4.589061013957977,4.676171988379782,4.046099188144835,0,0,4.729913257200239,0,0,0,0,0,0,0,4.199861366103917,0,3.090683814610134
3.511554591793183,2.182759488711529,1.237730012567322,0,3.051751310564716,1.363406134270712,0,1.636959394402748,0,0,2.602381263869373,2.157968233810604,0,1.661992809577182,0,0,0.3192559241152298,0,1.851971896938311,0.2148385664096331,3.916239504234426,2.561734249600092,0,3.457530679017595,0.3986143561622085,0,2.935707335371484,1.462963455275352,0,0,4.900796725470171,3.785600324446394,0,0,0.7134395983830194,0,0,1.56741832359754,4.545506568759079,3.743179001452789
3.054603401396772,0,2.663917188484743,2.351856676155013,0,3.320091129057157,0,0,2.585492487044454,3.750579004081782,2.835989369154015,0,0,0,4.119814714230098,0,0,0.07447437765278064,0,0,4.795761029193165,1.680562237249131,1.126014546879907,0,0,0,2.762268160620649,0,0,0,2.858758212216551,0,0,0.7134395983830194,0,0.4246101021284143,2.794578311208805,0,4.051598179983099,3.276571500345183
1.244733374066779,0,3.865574061361893,0,3.65639352662873,0,0.1975315212581441,0,0,1.923930613566114,0,0,0,2.083828508759279,4.706502655742078,2.081659295108687,0,1.643615104397191,1.829694194486775,0,0,0,0,1.145697762492699,1.969125123816089,0,2.936224345081318,2.461844055546795,0.03037023265983929,0,0,0,0,0,0.4246101021284143,0,0,0,0,0
0,0,0,0,0,0,2.781824875468457,0,3.335951987206602,1.06845745411444,0.4066025142842206,1.00474178682896,0,2.99050158570744,4.785550825893299,0,0,0.09011066527544354,0,0,0,0,1.669889655883668,0,2.115128044970381,3.744592719045263,2.227262750210639,0,4.71385652411474,0.01531787078588476,0,3.568404709472701,0,0,2.794578311208805,0,0,4.546141315026578,2.239938032262045,0
0,0,1.552346777535011,0,2.701075435214532,0,0,0,2.992813820199612,0,0,2.973950711243243,1.258109121545821,0.3184325152568135,0,0,0,2.219947317016619,1.938315703428235,0,0,1.485051447609673,0,0,2.48382326039796,0,0,0,0,4.120359465803451,3.493949512443441,3.592297625525411,4.199861366103917,1.56741832359754,0,0,4.546141315026578,0,0,0.8327373434579699
0,0,0,2.982258709860186,0,0.5983247055147733,2.29033469000459,0.6949444484986994,2.181885533407605,2.704736121060711,0,3.112213209837864,2.822369608913478,0.4918926519243744,4.064719848362758,0,0.510468973935454,0,0,3.387496661786441,0,2.642072091445362,0,0,2.824082493581964,0,0.1816461800988178,1.574960434261556,0,0,0,0,0,4.545506568759079,4.051598179983099,0,2.239938032262045,0,0,0.4329175542792335
4.52141245816606,4.200819686946938,1.299945581612361,0,3.031778600660675,0,3.786365814919094,0,1.145114733964939,0,4.253245997978958,0,0,1.855818993830722,1.920815844114154,4.934243749927816,3.357823834398217,0,0,0,0,4.139780404778829,2.074991357934742,2.599515930661946,4.361406216663889,0,2.887736743110926,2.964534683914315,2.194334827885635,0.7574928699087519,0,2.599754443525326,3.090683814610134,3.743179001452789,3.276571500345183,0,0,0.8327373434579699,0.4329175542792335,0
0,4.439013007147451,0.6266239570779664,0,1.012924904359633,0,3.006255719559061,2.526462261029156,0,0,0,1.833982344986877,0,0,0,4.17579819011518,3.641212115767689,0,2.553168025682391,2.241696903509597,0,0.3927410317725633,4.825026529217792,0,0,0,0,3.55227846490244,2.652295246172102,0,1.225653775920983,0,2.102787574186962,0,0,0,1.601385441849808,4.238712459571793,1.604739305685654,0
4.439013007147451,0,4.91518111038478,0,2.670068757258655,0,2.828738234219737,4.733667355576878,0.7370849416908526,0,0,0,0,0,1.227710721936491,2.394273720255307,2.233870637963,0,1.642679017139487,0,0,4.233029735346055,2.032368394573957,0,0,4.527313748654018,1.887460866075147,0,0.8345329606218765,3.404094613639825,4.453439366992739,0,4.141984741653973,0,1.31044481404391,1.294912102606496,0.06502062133613928,4.606682073909267,2.774894257437745,0
0.6266239570779664,4.91518111038478,0,0,0,1.581874081196096,2.88225660728124,0,0.3035255211198273,3.913644713759414,0,0,4.280554167390578,1.445752465880993,0,1.716041102546766,2.455568741538905,3.903605154451806,4.893304643657846,0,0.7398241519288007,0,4.65124081569022,1.469793871069209,3.119613220103479,0,0,0,0.9744668362494785,2.497408889102283,2.162557836062099,4.180029123016769,4.687253800162015,0,0,0,3.670460467380632,0,4.718044685194206,0
0,0,0,0,2.557911216901672,0.4829711830095773,1.925726753529666,0,0,1.350927318072801,0.1630772465145147,1.916239606700073,0,4.472559427224986,0,0,4.726864789927293,0.4293446656021743,2.477700148629687,0,1.403655170400995,1.448180429390699,0.6450652156137243,0.627301783200151,0,0,0,2.098683049890269,0.2591335445200371,0,0,4.30281057362332,4.600213950590909,2.23944821793855,0,0.5701421783903543,1.03403263510458,4.209220865324451,0,4.594617160052762
1.012924904359633,2.670068757258655,0,2.557911216901672,0,0.583803755207577,2.344760524779697,0.9188710133291766,0.9027412683292135,0,3.400209728141492,0,0,2.54555187223292,0,2.93232040369514,2.675406328588902,0,0,2.611751730272877,3.547226457519728,0,1.201135595618565,0,0,0.4324084853973331,0,4.69084701876752,0,0,0,0,1.349972118103333,0,0.5580885637660404,0,2.261158936077492,0,1.044528709947143,0
0,0,1.581874081196096,0.4829711830095773,0.583803755207577,0,4.150271063034403,0,0.9722054712611589,0,2.352590963729976,3.990850920686688,0,2.385671757538545,1.826919896451289,1.504783713166545,0,0.01802652253672266,0.616179231389366,0,1.36965112111138,0,0,2.660652803079171,4.315673801260137,0,0,1.691180827745275,0,2.462558881325855,3.843864379595155,3.243182995570924,0,0,0,4.14554709109616,0.6532579867899757,2.578394787271159,0,4.851444955560613
3.006255719559061,2.828738234219737,2.88225660728124,1.925726753529666,2.344760524779697,4.150271063034403,0,0,0.7207940497321935,1.524404147532521,0.8147498250930219,4.088385133471716,2.112840418386029,0,0,3.421013916374256,0,1.441193167123422,0.3426807230803391,1.23943003811439,0,0,4.57371040014973,0.5993174556611136,4.833026226659928,0,4.72128485290719,0,0,0,0,0,0,4.077781848420559,0.4899458242315519,0,0,3.445623555670897,0,0
2.526462261029156,4.733667355576878,0,0,0.9188710133291766,0,0,0,1.78694096483872,2.900032152759394,0,0,0,3.940565920244962,0.2257593802024238,0.777306451644858,2.764643542856082,0,0.534363901194429,0,0,0,2.252640474342666,0,0,0,4.685456839801542,1.884999186415576,0,0,0,0,0,0,3.7317596017256,2.550414274257726,1.059179718079439,0.3253810020868231,0,4.848825904540772
0,0.7370849416908526,0.3035255211198273,0,0.9027412683292135,0.9722054712611589,0.7207940497321935,1.78694096483872,0,0,2.708031924525593,2.324322330368515,2.742191808894566,0,0,2.24400530289645,3.980845589655363,0.1560022647588666,4.644396003550479,2.325351643717962,3.746418586657348,4.594752841541268,0,0.9521805159394831,0.1475760386195213,0,0,0,2.7734586081359,0.947066871110312,1.366150275778795,0,1.275582275251913,0.03970148542394469,0,0.7469795413717722,0,0,0,0
0,0,3.913644713759414,1.350927318072801,0,0,1.524404147532521,2.900032152759394,0,0,0,0,2.068097265926394,0,0.2719080843317478,0,0.7206439980380641,0,0,0,0,0.5583918700738438,0,0,0,0,3.535141249288051,4.305358149296669,4.797941881468011,0,1.868188377616095,1.531980526722445,0.9601401144553873,1.593068667593189,0,0,0,2.053223061300408,0,0.9900868166497073
0,0,0,0.1630772465145147,3.400209728141492,2.352590963729976,0.8147498250930219,0,2.708031924525593,0,0,0,1.218419651046709,1.741842011159322,0,0,0,2.556671927619171,0,2.329541767246828,0,4.857963770837138,0.1860076637554753,2.611106510437409,0.2886964889836868,0.4656349490589046,0,4.413130617468934,0.4965435812108887,0,2.666271799928015,0,0,0,0,0.6593266836559925,0,0.1369942554079578,1.91138674421931,0
1.833982344986877,0,0,1.916239606700073,0,3.990850920686688,4.088385133471716,0,2.324322330368515,0,0,0,0,1.406554101853783,4.76590837949926,1.775913087243132,0,0,0.8018219093491502,4.219702879267953,0,0,0,0.3425334297363841,2.118650005052625,0,0,0.1710870664629477,0.2813680787119632,1.477100516098056,4.721806310810346,4.596620769071636,1.091128084964345,0,4.58106039058614,0.2013903833877928,0,0,0,0.5198562926137512
0,0,4.280554167390578,0,0,0,2.112840418386029,0,2.742191808894566,2.068097265926394,1.218419651046709,0,0,0,0,4.210990761703052,0,0,3.74504667522791,0,0,0,0,4.064078254275136,0,0,0,0,0,0,1.798719470320192,0,0,1.408479403971998,2.706499196940072,3.68004683077559,3.766041729752834,0,0,0.3446072383085219
0,0,1.445752465880993,4.472559427224986,2.54555187223292,2.385671757538545,0,3.940565920244962,0,0,1.741842011159322,1.406554101853783,0,0,0,0,4.596404849923166,1.304216759910412,0,3.423813140550684,0,0,0,4.543486633222065,0.4366776195350269,0,0,0,0,3.240028474762013,2.985303943051754,1.477109197429773,1.738151628464205,0,1.233210620291566,0,0,0,0,0
0,1.227710721936491,0,0,0,1.826919896451289,0,0.2257593802024238,0,0.2719080843317478,0,4.76590837949926,0,0,0,0,0.8703043007393596,2.989701845535688,0,3.076028982966386,1.629375470966323,0,1.207773850429645,1.17211748196965,0,3.241603106328297,0,0,0,1.927210799871522,0,0,0.1669453869320009,0.451080665600932,0,0,0,2.822899296537533,0,0
4.17579819011518,2.394273720255307,1.716041102546766,0,2.93232040369514,1.504783713166545,3.421013916374256,0.777306451644858,2.24400530289645,0,0,1.775913087243132,4.210990761703052,0,0,0,4.460744834459747,0,0,0,1.042570133591723,1.088449494718907,2.462663931325744,0,0.1934539278377168,0,0,1.918575898772065,0.03955418786713072,4.548012659306172,2.923681759617247,2.732420624720073,3.020531431957343,3.68614400612536,2.684802083596443,0,4.464773962452226,3.772406794746255,4.958677389760372,0
3.641212115767689,2.233870637963,2.455568741538905,4.726864789927293,2.675406328588902,0,0,2.764643542856082,3.980845589655363,0.7206439980380641,0,0,0,4.596404849923166,0.8703043007393596,4.460744834459747,0,0,4.298961427880497,0,0,0,3.36698313217029,1.658682054003322,0,4.550680670313796,0,0,0,2.267487536228431,3.331326195260846,3.890087781788012,4.171820938491179,0,2.013310428921308,4.657375749615846,0.37752826645367,2.983807179429232,0,0
0,0,3.903605154451806,0.4293446656021743,0,0.01802652253672266,1.441193167123422,0,0.1560022647588666,0,2.556671927619171,0,0,1.304216759910412,2.989701845535688,0,0,0,1.862177258423185,1.476052058302226,0,0,2.056669830976888,4.677916017731619,3.736085428419787,0.8578615219780233,0,4.847546615908351,0,0,0,2.567604273661702,2.477364653199443,2.641573467863511,0,0,0,0,3.406279675757498,2.307616736881754
2.553168025682391,1.642679017139487,4.893304643657846,2.477700148629687,0,0.616179231389366,0.3426807230803391,0.534363901194429,4.644396003550479,0,0,0.8018219093491502,3.74504667522791,0,0,0,4.298961427880497,1.862177258423185,0,1.424024773814738,0,0,0,0.1408904145768936,2.204503954711178,0.1049586725501994,1.636225381204341,1.14812857292912,0,0,0.2972939348726888,0,0,0,2.687678280315136,0,0.7971181838888564,0,4.438834339658699,1.034739707314364
2.241696903509597,0,0,0,2.611751730272877,0,1.23943003811439,0,2.325351643717962,0,2.329541767246828,4.219702879267953,0,3.423813140550684,3.076028982966386,0,0,1.476052058302226,1.424024773814738,0,0,3.908779062007918,0,3.138812885257718,1.700505804417221,3.819633112052088,0,0.802105224731392,0.6315723994968225,0,2.491944776742038,2.3482861947044,0.6282462614301565,0,1.84654089777095,3.95671843729156,3.908206603473123,1.669235415936248,0,3.409219323686832
0,0,0.7398241519288007,1.403655170400995,3.547226457519728,1.36965112111138,0,0,3.746418586657348,0,0,0,0,0,1.629375470966323,1.042570133591723,0,0,0,0,0,0,0,0,0,0,4.684421729275951,4.201697107451375,4.485767668186426,0,3.616240975529199,0,4.762413191161071,0,0,1.828647437076435,0.4858750603601231,1.13497374907665,3.851500573120163,2.883524814089189
0.3927410317725633,4.233029735346055,0,1.448180429390699,0,0,0,0,4.594752841541268,0.5583918700738438,4.857963770837138,0,0,0,0,1.088449494718907,0,0,0,3.908779062007918,0,0,0,4.911072844366327,0,2.490498814119775,3.455094152776885,0,0,0,0.8132871235063344,1.723641718630025,0,0,0,3.752527050535154,3.079241145657722,0,0,0
4.825026529217792,2.032368394573957,4.65124081569022,0.6450652156137243,1.201135595618565,0,4.57371040014973,2.252640474342666,0,0,0.1860076637554753,0,0,0,1.207773850429645,2.462663931325744,3.36698313217029,2.056669830976888,0,0,0,0,0,1.36873996538697,1.476511205772477,4.096526799734544,0,2.145408952785156,0,0.2777523677028182,2.512491731640721,0,4.658513878374857,0.2186169943481908,0,3.006876691320696,0,2.519553881816788,4.610919111898681,0
0,0,1.469793871069209,0.627301783200151,0,2.660652803079171,0.5993174556611136,0,0.9521805159394831,0,2.611106510437409,0.3425334297363841,4.064078254275136,4.543486633222065,1.17211748196965,0,1.658682054003322,4.677916017731619,0.1408904145768936,3.138812885257718,0,4.911072844366327,1.36873996538697,0,3.288519525250658,3.734742966615438,2.612259571665411,0,0,2.06152772711401,0,0,4.693373088495334,0,1.997105933624046,0,3.447104148053433,4.393656545656675,4.265278636165436,0
0,0,3.119613220103479,0,0,4.315673801260137,4.833026226659928,0,0.1475760386195213,0,0.2886964889836868,2.118650005052625,0,0.4366776195350269,0,0.1934539278377168,0,3.736085428419787,2.204503954711178,1.700505804417221,0,0,1.476511205772477,3.288519525250658,0,1.681082998473373,0,0,3.297251279362311,0,0,1.573501464125291,0,0,4.158861571491324,0,0,0,0,0
0,4.527313748654018,0,0,0.4324084853973331,0,0,0,0,0,0.4656349490589046,0,0,0,3.241603106328297,0,4.550680670313796,0.8578615219780233,0.1049586725501994,3.819633112052088,0,2.490498814119775,4.096526799734544,3.734742966615438,1.681082998473373,0,1.691289714485253,0,0,1.12963841021354,0,0,0,1.876292779312164,2.449521202232573,2.35801478794797,0,1.348666758423381,2.398921090677968,4.338335315425569
0,1.887460866075147,0,0,0,0,4.72128485290719,4.685456839801542,0,3.535141249288051,0,0,0,0,0,0,0,0,1.636225381204341,0,4.684421729275951,3.455094152776885,0,2.612259571665411,0,1.691289714485253,0,0,0,0,4.700906422128748,0,0,0,0,0,0,2.309500574878849,0,0
3.55227846490244,0,0,2.098683049890269,4.69084701876752,1.691180827745275,0,1.884999186415576,0,4.305358149296669,4.413130617468934,0.1710870664629477,0,0,0,1.918575898772065,0,4.847546615908351,1.14812857292912,0.802105224731392,4.201697107451375,0,2.145408952785156,0,0,0,0,0,1.823873757110655,0,1.498877300520565,4.850683883151388,1.850521728569329,0,2.852629786865943,0,4.774981911443027,4.787474793479672,0,0
2.652295246172102,0.8345329606218765,0.9744668362494785,0.2591335445200371,0,0,0,0,2.7734586081359,4.797941881468011,0.4965435812108887,0.2813680787119632,0,0,0,0.03955418786713072,0,0,0,0.6315723994968225,4.485767668186426,0,0,0,3.297251279362311,0,0,1.823873757110655,0,1.744813464493081,0,3.761928073681768,4.970369431058421,0.944473627561907,3.926764359165772,0,0,1.928291974147974,4.114532491452414,0
0,3.404094613639825,2.497408889102283,0,0,2.462558881325855,0,0,0.947066871110312,0,0,1.477100516098056,0,3.240028474762013,1.927210799871522,4.548012659306172,2.267487536228431,0,0,0,0,0,0.2777523677028182,2.06152772711401,0,1.12963841021354,0,0,1.744813464493081,0,0,1.800223331150988,0,0.86765558960192,0.8720424722503872,1.909245031890879,0,0,1.505372630396303,0
1.225653775920983,4.453439366992739,2.162557836062099,0,0,3.843864379595155,0,0,1.366150275778795,1.868188377616095,2.666271799928015,4.721806310810346,1.798719470320192,2.985303943051754,0,2.923681759617247,3.331326195260846,0,0.2972939348726888,2.491944776742038,3.616240975529199,0.8132871235063344,2.512491731640721,0,0,0,4.700906422128748,1.498877300520565,0,0,0,4.963749517755768,3.416420787251299,0,0,4.507690327039083,3.440097883996973,0,4.82289550832014,0.2034916461514091
0,0,4.180029123016769,4.30281057362332,0,3.243182995570924,0,0,0,1.531980526722445,0,4.596620769071636,0,1.477109197429773,0,2.732420624720073,3.890087781788012,2.567604273661702,0,2.3482861947044,0,1.723641718630025,0,0,1.573501464125291,0,0,4.850683883151388,3.761928073681768,1.800223331150988,4.963749517755768,0,2.143200682670841,0,4.834665164681241,0.4717908064574017,0,0,0.4185005249533319,0
2.102787574186962,4.141984741653973,4.687253800162015,4.600213950590909,1.349972118103333,0,0,0,1.275582275251913,0.9601401144553873,0,1.091128084964345,0,1.738151628464205,0.1669453869320009,3.020531431957343,4.171820938491179,2.477364653199443,0,0.6282462614301565,4.762413191161071,0,4.658513878374857,4.693373088495334,0,0,0,1.850521728569329,4.970369431058421,0,3.416420787251299,2.143200682670841,0,3.425745188264773,2.298401902006693,0.6134250406026875,0.2421335909309397,0,2.265362091698873,0
0,0,0,2.23944821793855,0,0,4.077781848420559,0,0.03970148542394469,1.593068667593189,0,0,1.408479403971998,0,0.451080665600932,3.68614400612536,0,2.641573467863511,0,0,0,0,0.2186169943481908,0,0,1.876292779312164,0,0,0.944473627561907,0.86765558960192,0,0,3.425745188264773,0,0,1.09159797459954,3.831303690905383,0,0,0
0,1.31044481404391,0,0,0.5580885637660404,0,0.4899458242315519,3.7317596017256,0,0,0,4.58106039058614,2.706499196940072,1.233210620291566,0,2.684802083596443,2.013310428921308,0,2.687678280315136,1.84654089777095,0,0,0,1.997105933624046,4.158861571491324,2.449521202232573,0,2.852629786865943,3.926764359165772,0.8720424722503872,0,4.834665164681241,2.298401902006693,0,0,0,0,4.696065781854784,0,0
0,1.294912102606496,0,0.5701421783903543,0,4.14554709109616,0,2.550414274257726,0.7469795413717722,0,0.6593266836559925,0.2013903833877928,3.68004683077559,0,0,0,4.657375749615846,0,0,3.95671843729156,1.828647437076435,3.752527050535154,3.006876691320696,0,0,2.35801478794797,0,0,0,1.909245031890879,4.507690327039083,0.4717908064574017,0.6134250406026875,1.09159797459954,0,0,0.01560932179350827,4.00926715352858,3.44277391376098,1.145861498605853
1.601385441849808,0.06502062133613928,3.670460467380632,1.03403263510458,2.261158936077492,0.6532579867899757,0,1.059179718079439,0,0,0,0,3.766041729752834,0,0,4.464773962452226,0.37752826645367,0,0.7971181838888564,3.908206603473123,0.4858750603601231,3.079241145657722,0,3.447104148053433,0,0,0,4.774981911443027,0,0,3.440097883996973,0,0.2421335909309397,3.831303690905383,0,0.01560932179350827,0,0,0,2.971065164653439
4.238712459571793,4.606682073909267,0,4.209220865324451,0,2.578394787271159,3.445623555670897,0.3253810020868231,0,2.053223061300408,0.1369942554079578,0,0,0,2.822899296537533,3.772406794746255,2.983807179429232,0,0,1.669235415936248,1.13497374907665,0,2.519553881816788,4.393656545656675,0,1.348666758423381,2.309500574878849,4.787474793479672,1.928291974147974,0,0,0,0,0,4.696065781854784,4.00926715352858,0,0,2.348595486832792,0
1.604739305685654,2.774894257437745,4.718044685194206,0,1.044528709947143,0,0,0,0,0,1.91138674421931,0,0,0,0,4.958677389760372,0,3.406279675757498,4.438834339658699,0,3.851500573120163,0,4.610919111898681,4.265278636165436,0,2.398921090677968,0,0,4.114532491452414,1.505372630396303,4.82289550832014,0.4185005249533319,2.265362091698873,0,0,3.44277391376098,0,2.348595486832792,0,0
0,0,0,4.594617160052762,0,4.851444955560613,0,4.848825904540772,0,0.9900868166497073,0,0.5198562926137512,0.3446072383085219,0,0,0,0,2.307616736881754,1.034739707314364,3.409219323686832,2.883524814089189,0,0,0,0,4.338335315425569,0,0,0,0,0.2034916461514091,0,0,0,0,1.145861498605853,2.971065164653439,0,0,0
0,0.2752892307809229,1.822385876013001,0,4.342575991005459,0,1.605942264156325,3.13790904635015,0,0,0,1.819730897703722,0,0,0,3.282439674377161,2.490851576336542,0,1.926079399398848,1.220428851309537,0,1.187994438360434,3.826424333879106,0,0,0,0,4.85122780838759,0.3704325869495806,0,0.320611158829463,0,1.419239345085753,0,0,0,0.5183606224791742,3.813305318605633,2.658242472503871,0
0.2752892307809229,0,2.926001697612735,0,2.398071261441991,0,2.392293233725985,0.4954450431883256,3.887805188040097,0,0,0,0,0,0.9687367002668701,1.54058844414894,1.706055727838689,0,1.340931863339299,0,0,1.978492362910639,4.759037285262752,0,0,2.012651177985082,3.324657206000039,0,2.213885865611045,4.61598761579048,2.453354831433001,0,0.5504442386658587,0,2.848727499211445,0.2294250331863545,3.590339283386628,4.920078716272437,2.094360737582812,0
1.822385876013001,2.926001697612735,0,0,0,4.795559262649508,4.036894104516676,0,1.949135962267278,2.661988466093736,0,0,2.492227121272957,2.489340053435244,0,2.313033679836589,1.992291174559029,3.645089443414973,0.5567972127692877,0,0.7394727868579931,0,0.02359738938404909,0.1343019207630292,4.127077300368465,0,0,0,4.148940175520376,4.716499687301877,0.4228160049656643,1.268581761384509,0.5387928938755115,0,0,0,2.032161031800425,0,2.134698046381799,0
0,0,0,0,2.81263576694953,4.229412526107136,3.246510247286949,0,0,2.004003680861385,2.148712717165107,4.422261184523911,0,1.070829019339469,0,0,1.953976692023102,2.6558978639422,0.7618318320645273,0,2.061365792745375,2.497789630549008,4.729731437078573,3.761215256232018,0,0,0,2.662682721704778,4.043012593400535,0,0,4.695467576762169,1.500317200183413,3.256243316084662,0,2.212705758250896,2.773811629783694,0.6542834132297404,0,3.667872216865612
4.342575991005459,2.398071261441991,0,2.81263576694953,0,3.730207816288008,0.4363251723003447,1.49970461472449,2.611664589609274,0,2.574759026734768,0,0,1.233894601606995,0,3.89021924640809,1.992200592050514,0,0,2.452165168256237,4.963099046407093,0,0.351475807388773,0,0,3.083936197811196,0,0.001630481700594655,0,0,0,0,4.219911803629551,0,0.4791186623504895,0,0.3534383817930953,0,0.5816604811220083,0
0,0,4.795559262649508,4.229412526107136,3.730207816288008,0,2.445196662255933,0,3.734445759987506,0,1.34733776617272,1.620826192748118,0,3.267222705497426,2.925496946127062,1.919422450028273,0,1.414439526748057,3.679384931831751,0,0.660273396548452,0,0,1.23842854967345,1.903479749109176,0,0,4.639918611457873,0,4.838338742396163,1.940422410354433,3.990290315620383,0,0,0,1.33681040323285,0.2567786634015112,2.712912101573862,0,4.712631564390995
1.605942264156325,2.392293233725985,4.036894104516676,3.246510247286949,0.4363251723003447,2.445196662255933,0,0,3.179634083040131,1.596865487684159,4.605376110511105,3.7021276764025,4.718649792147971,0,0,3.962046811741456,0,3.03089938074299,1.090216874720565,2.772126444265288,0,0,0.03451273871694749,2.594848817084307,0.3367209423597578,0,4.941700383193618,0,0,0,0,0,0,3.760563268547666,1.228380909684446,0,0,3.589406991937963,0,0
3.13790904635015,0.4954450431883256,0,0,1.49970461472449,0,0,0,3.504988948476184,4.549758050615035,0,0,0,4.348027776575154,1.203229426439687,2.51183716863514,0.7114086990862867,0,3.660748793671761,0,0,0,4.033162601816213,0,0,0,3.304775324575726,0.3364009227167797,0,0,0,0,0,0,0.86977482055282,0.8288187195469726,4.183324701388849,2.54728062578726,0,1.933972080141146
0,3.887805188040097,1.949135962267278,0,2.611664589609274,3.734445759987506,3.179634083040131,3.504988948476184,0,0,1.574967122183382,0.5663559166494686,1.039223797251103,0,0,3.262886952285051,4.770434516963244,0.9363507080810257,3.363586404942642,4.766320840631248,0.6243859956893383,3.300359542004766,0,0.1283660415913651,2.361661326243912,0,0,0,3.653236433209951,0.1448719125771586,4.713396279942815,0,1.529118039039811,3.170127695705383,0,2.173382613308005,0,0,0,0
0,0,2.661988466093736,2.004003680861385,0,0,1.596865487684159,4.549758050615035,0,0,0,0,0.2787628077465909,0,1.300070903837474,0,3.580660100854378,0,0,0,0,4.522316172060539,0,0,0,0,4.068054916516849,3.808896271277146,3.851034945691296,0,3.833687787969105,1.318435547131515,3.884823450321681,1.261897555198987,0,0,0,4.504816030251867,0,0.7780455064531838
0,0,0,2.148712717165107,2.574759026734768,1.34733776617272,4.605376110511105,0,1.574967122183382,0,0,0,3.41058030524755,2.431550966434817,0,0,0,4.570711651974247,0,1.490656730945032,0,1.091356362187396,0.01667280871858912,2.838088574775941,1.982714429450598,1.595135681244766,0,2.187192730453588,4.758907788303748,0,4.020382222452509,0,0,0,0,4.773382924514719,0,4.925899004144439,3.464542774741974,0
1.819730897703722,0,0,4.422261184523911,0,1.620826192748118,3.7021276764025,0,0.5663559166494686,0,0,0,0,3.551904875122158,3.66461655843096,4.401004105008398,0,0,0.7893218814005881,3.911346059731077,0,0,0,1.026188310515819,2.723754812986174,0,0,3.549502236455981,4.273625734742216,1.830600010171781,1.751739309332275,0.450242610692802,4.835159422367071,0,4.450139936840292,2.523579817772838,0,0,0,3.646201537477424
0,0,2.492227121272957,0,0,0,4.718649792147971,0,1.039223797251103,0.2787628077465909,3.41058030524755,0,0,0,0,2.784484940611471,0,0,3.783636947414691,0,0,0,0,4.518954532295827,0,0,0,0,0,0,0.6244978580653981,0,0,3.06938921283657,4.344844358324984,2.861521976363496,4.023695069063844,0,0,4.94215433678641
0,0,2.489340053435244,1.070829019339469,1.233894601606995,3.267222705497426,0,4.348027776575154,0,0,2.431550966434817,3.551904875122158,0,0,0,0,0.6062183868778787,2.46539653020723,0,3.170989396448522,0,0,0,3.018214261171217,2.69505174656712,0,0,0,0,2.698879101592342,3.273760717400966,3.110143951836703,3.588685339606635,0,2.71449728293473,0,0,0,0,0
0,0.9687367002668701,0,0,0,2.925496946127062,0,1.203229426439687,0,1.300070903837474,0,3.66461655843096,0,0,0,0,0.3107597131684264,0.1150676854572047,0,0.1347224224193283,2.252461683236683,0,4.563600813263907,4.052952212312845,0,3.073355017082547,0,0,0,4.367250495403459,0,0,4.195174959507305,4.891120170638342,0,0,0,4.968580658004816,0,0
3.282439674377161,1.54058844414894,2.313033679836589,0,3.89021924640809,1.919422450028273,3.962046811741456,2.51183716863514,3.262886952285051,0,0,4.401004105008398,2.784484940611471,0,0,0,2.029603202997367,0,0,0,4.481280960817364,4.288816434228177,0.2595124204409655,0,3.63334667747761,0,0,0.1528488667070865,4.595365887323104,3.889712305915865,1.724572996337036,2.754138809106343,4.631048784917589,0.9061125132714148,3.845357164872464,0,0.129266532945066,0.8489922168915082,0.6409067861872442,0
2.490851576336542,1.706055727838689,1.992291174559029,1.953976692023102,1.992200592050514,0,0,0.7114086990862867,4.770434516963244,3.580660100854378,0,0,0,0.6062183868778787,0.3107597131684264,2.029603202997367,0,0,2.831262639987977,0,0,0,3.426335202498254,4.670863564098384,0,1.75353205073235,0,0,0,2.892105027520993,3.63079088187264,0.405321097645247,0.09447690963324984,0,3.371448581383331,1.890133632704494,4.440121983627507,2.931480365567041,0,0
0,0,3.645089443414973,2.6558978639422,0,1.414439526748057,3.03089938074299,0,0.9363507080810257,0,4.570711651974247,0,0,2.46539653020723,0.1150676854572047,0,0,0,0.8143648306623708,3.200029552951329,0,0,3.192948429989351,3.69576083592162,1.591918334149558,4.53617547550925,0,2.210702448698551,0,0,0,1.93923152367515,3.045935023748877,4.128865807210812,0,0,0,0,3.572683640091526,4.524610847768563
1.926079399398848,1.340931863339299,0.5567972127692877,0.7618318320645273,0,3.679384931831751,1.090216874720565,3.660748793671761,3.363586404942642,0,0,0.7893218814005881,3.783636947414691,0,0,0,2.831262639987977,0.8143648306623708,0,3.316592488404345,0,0,0,3.547660078090644,4.378801087392849,0.3841012749149031,4.087381648494254,1.794718096425573,0,0,0.8459805701910611,0,0,0,4.087580414737586,0,1.393857353601007,0,1.968066638686039,0.5482758055094916
1.220428851309537,0,0,0,2.452165168256237,0,2.772126444265288,0,4.766320840631248,0,1.490656730945032,3.911346059731077,0,3.170989396448522,0.1347224224193283,0,0,3.200029552951329,3.316592488404345,0,0,4.036825981271098,0,2.233686503103196,3.08119532933564,4.738196539505581,0,0.5854473478697902,4.32314226528659,0,2.646134751214424,1.098838099226375,3.227901278617507,0,3.306696532166741,3.283063540822025,4.938372781218542,1.026583894431756,0,3.253796187256812
0,0,0.7394727868579931,2.061365792745375,4.963099046407093,0.660273396548452,0,0,0.6243859956893383,0,0,0,0,0,2.252461683236683,4.481280960817364,0,0,0,0,0,0,0,0,0,0,0.1593942037219337,3.12514839564971,1.84039704726308,0,3.373370230602522,0,4.21530598069931,0,0,1.724561948629947,2.797545831854846,3.568571804755481,2.548233184059926,1.439546370726988
1.187994438360434,1.978492362910639,0,2.497789630549008,0,0,0,0,3.300359542004766,4.522316172060539,1.091356362187396,0,0,0,0,4.288816434228177,0,0,0,4.036825981271098,0,0,0,0.9691684700489217,0,0.2981181449263837,3.236133859411569,0,0,0,2.140480598677703,0.1362578213355525,0,0,0,1.66962114701758,0.752889481722499,0,0,0
3.826424333879106,4.759037285262752,0.02359738938404909,4.729731437078573,0.351475807388773,0,0.03451273871694749,4.033162601816213,0,0,0.01667280871858912,0,0,0,4.563600813263907,0.2595124204409655,3.426335202498254,3.192948429989351,0,0,0,0,0,3.078472001423215,3.402139835194261,4.632358186883819,0,4.628292896574624,0,1.920237730017506,4.016188198928582,0,0.5445045698442935,3.98961913336556,0,1.262592022361848,0,2.654625703142242,1.653359428097983,0
0,0,0.1343019207630292,3.761215256232018,0,1.23842854967345,2.594848817084307,0,0.1283660415913651,0,2.838088574775941,1.026188310515819,4.518954532295827,3.018214261171217,4.052952212312845,0,4.670863564098384,3.69576083592162,3.547660078090644,2.233686503103196,0,0.9691684700489217,3.078472001423215,0,3.399887483833437,4.722617328610778,3.086959724830601,0,0,2.538091663192791,0,0,3.090399386338701,0,2.837066995000264,0,3.539363749487057,1.964746350820641,1.893418473980046,0
0,0,4.127077300368465,0,0,1.903479749109176,0.3367209423597578,0,2.361661326243912,0,1.982714429450598,2.723754812986174,0,2.69505174656712,0,3.63334667747761,0,1.591918334149558,4.378801087392849,3.08119532933564,0,0,3.402139835194261,3.399887483833437,0,3.129925601064123,0,0,1.630486707756306,0,0,1.460215672754585,0,0,1.736839024267814,0,0,0,0,0
0,2.012651177985082,0,0,3.083936197811196,0,0,0,0,0,1.595135681244766,0,0,0,3.073355017082547,0,1.75353205073235,4.53617547550925,0.3841012749149031,4.738196539505581,0,0.2981181449263837,4.632358186883819,4.722617328610778,3.129925601064123,0,4.870152317174979,0,0,2.24221622716347,0,0,0,4.92431421158254,1.102251769368424,4.722390572315265,0,4.659348178902675,4.412638718184741,2.902548351811475
0,3.324657206000039,0,0,0,0,4.941700383193618,3.304775324575726,0,4.068054916516849,0,0,0,0,0,0,0,0,4.087381648494254,0,0.1593942037219337,3.236133859411569,0,3.086959724830601,0,4.870152317174979,0,0,0,0,2.957315412376408,0,0,0,0,0,0,4.170548544455694,0,0
4.85122780838759,0,0,2.662682721704778,0.001630481700594655,4.639918611457873,0,0.3364009227167797,0,3.808896271277146,2.187192730453588,3.549502236455981,0,0,0,0.1528488667070865,0,2.210702448698551,1.794718096425573,0.5854473478697902,3.12514839564971,0,4.628292896574624,0,0,0,0,0,3.182790047944777,0,3.938394587067735,0.4798291921507336,1.597861368648795,0,0.3525405692838096,0,3.811841699889054,1.653252705797649,0,0
0.3704325869495806,2.213885865611045,4.148940175520376,4.043012593400535,0,0,0,0,3.653236433209951,3.851034945691296,4.758907788303748,4.273625734742216,0,0,0,4.595365887323104,0,0,0,4.32314226528659,1.84039704726308,0,0,0,1.630486707756306,0,0,3.182790047944777,0,0.2684672371776398,0,0.1665680406556741,1.733931316273735,2.1696890230101,2.167461513617178,0,0,4.28473144791121,0.0524971597803553,0
0,4.61598761579048,4.716499687301877,0,0,4.838338742396163,0,0,0.1448719125771586,0,0,1.830600010171781,0,2.698879101592342,4.367250495403459,3.889712305915865,2.892105027520993,0,0,0,0,0,1.920237730017506,2.538091663192791,0,2.24221622716347,0,0,0.2684672371776398,0,0,4.184887036367771,0,2.679417944616478,3.599939758714213,3.176444482235224,0,0,1.180026034393129,0
0.320611158829463,2.453354831433001,0.4228160049656643,0,0,1.940422410354433,0,0,4.713396279942815,3.833687787969105,4.020382222452509,1.751739309332275,0.6244978580653981,3.273760717400966,0,1.724572996337036,3.63079088187264,0,0.8459805701910611,2.646134751214424,3.373370230602522,2.140480598677703,4.016188198928582,0,0,0,2.957315412376408,3.938394587067735,0,0,0,1.950407196687221,0.8589813072116814,0,0,1.980199601932667,1.483925665987426,0,1.003983343715702,1.646802203766415
0,0,1.268581761384509,4.695467576762169,0,3.990290315620383,0,0,0,1.318435547131515,0,0.450242610692802,0,3.110143951836703,0,2.754138809106343,0.405321097645247,1.93923152367515,0,1.098838099226375,0,0.1362578213355525,0,0,1.460215672754585,0,0,0.4798291921507336,0.1665680406556741,4.184887036367771,1.950407196687221,0,1.336726273693692,0,3.866603826020587,0.533928749276274,0,0,2.341029484765055,0
1.419239345085753,0.5504442386658587,0.5387928938755115,1.500317200183413,4.219911803629551,0,0,0,1.529118039039811,3.884823450321681,0,4.835159422367071,0,3.588685339606635,4.195174959507305,4.631048784917589,0.09447690963324984,3.045935023748877,0,3.227901278617507,4.21530598069931,0,0.5445045698442935,3.090399386338701,0,0,0,1.597861368648795,1.733931316273735,0,0.8589813072116814,1.336726273693692,0,1.498273915622833,0.7882958472395563,1.255903509815612,2.07354568848603,0,1.973793681633679,0
0,0,0,3.256243316084662,0,0,3.760563268547666,0,3.170127695705383,1.261897555198987,0,0,3.06938921283657,0,4.891120170638342,0.9061125132714148,0,4.128865807210812,0,0,0,0,3.98961913336556,0,0,4.92431421158254,0,0,2.1696890230101,2.679417944616478,0,0,1.498273915622833,0,0,0.5956596439564937,0.6747546214945271,0,0,0
0,2.848727499211445,0,0,0.4791186623504895,0,1.228380909684446,0.86977482055282,0,0,0,4.450139936840292,4.344844358324984,2.71449728293473,0,3.845357164872464,3.371448581383331,0,4.087580414737586,3.306696532166741,0,0,0,2.837066995000264,1.736839024267814,1.102251769368424,0,0.3525405692838096,2.167461513617178,3.599939758714213,0,3.866603826020587,0.7882958472395563,0,0,0,0,0.2012268713247883,0,0
0,0.2294250331863545,0,2.212705758250896,0,1.33681040323285,0,0.8288187195469726,2.173382613308005,0,4.773382924514719,2.523579817772838,2.861521976363496,0,0,0,1.890133632704494,0,0,3.283063540822025,1.724561948629947,1.66962114701758,1.262592022361848,0,0,4.722390572315265,0,0,0,3.176444482235224,1.980199601932667,0.533928749276274,1.255903509815612,0.5956596439564937,0,0,3.256757404831155,2.80582059640786,3.019512257643015,0.4612728777507646
0.5183606224791742,3.590339283386628,2.032161031800425,2.773811629783694,0.3534383817930953,0.2567786634015112,0,4.183324701388849,0,0,0,0,4.023695069063844,0,0,0.129266532945066,4.440121983627507,0,1.393857353601007,4.938372781218542,2.797545831854846,0.752889481722499,0,3.539363749487057,0,0,0,3.811841699889054,0,0,1.483925665987426,0,2.07354568848603,0.6747546214945271,0,3.256757404831155,0,0,0,3.329386093376675
3.813305318605633,4.920078716272437,0,0.6542834132297404,0,2.712912101573862,3.589406991937963,2.54728062578726,0,4.504816030251867,4.925899004144439,0,0,0,4.968580658004816,0.8489922168915082,2.931480365567041,0,0,1.026583894431756,3.568571804755481,0,2.654625703142242,1.964746350820641,0,4.659348178902675,4.170548544455694,1.653252705797649,4.28473144791121,0,0,0,0,0,0.2012268713247883,2.80582059640786,0,0,1.531516937041609,0
2.658242472503871,2.094360737582812,2.134698046381799,0,0.5816604811220083,0,0,0,0,0,3.464542774741974,0,0,0,0,0.6409067861872442,0,3.572683640091526,1.968066638686039,0,2.548233184059926,0,1.653359428097983,1.893418473980046,0,4.412638718184741,0,0,0.0524971597803553,1.180026034393129,1.003983343715702,2.341029484765055,1.973793681633679,0,0,3.019512257643015,0,1.531516937041609,0,0
0,0,0,3.667872216865612,0,4.712631564390995,0,1.933972080141146,0,0.7780455064531838,0,3.646201537477424,4.94215433678641,0,0,0,0,4.524610847768563,0.5482758055094916,3.253796187256812,1.439546370726988,0,0,0,0,2.902548351811475,0,0,0,0,1.646802203766415,0,0,0,0,0.4612728777507646,3.329386093376675,0,0,0
0,0.4918097527286519,3.381150451411264,0,3.755786609498047,0,1.421465372281561,3.596319634112052,0,0,0,0.7568683291322559,0,0,0,4.919584882482376,4.249141474796368,0,1.552982268582064,4.016925429984526,0,4.087854406343514,2.872667950869986,0,0,0,0,4.992133946709355,1.559104519578629,0,1.31574159676888,0,0.2409057200535142,0,0,0,2.677824472563242,4.035068873099256,4.365969788049196,0
0.4918097527286519,0,4.203182587976245,0,3.968330415129681,0,1.602564220740193,2.555144620791772,1.9952561655339,0,0,0,0,0,0.454352890740104,3.722222238138144,4.195709025699429,0,2.751195519042536,0,0,0.8460763265734211,4.559925104574162,0,0,1.078806260862565,3.960951322220815,0,3.164967841811737,0.7641707112622903,4.029117547084304,0,1.396136672782005,0,1.797765224529786,1.232358020489803,1.955594060673821,4.917104364116981,0.6356125329601064,0
3.381150451411264,4.203182587976245,0,0,0,2.49336994621006,3.274840307592922,0,1.499829271307183,1.266761709106257,0,0,0.24392252018064,4.092173079884757,0,1.839118338998324,2.38742104498993,3.828253080043332,1.980384706047284,0,3.524120495533441,0,3.250202907113567,0.4665358144839854,0.1751129254445621,0,0,0,1.69037429514731,1.448862081837823,3.583382062964904,2.672125083951598,4.499907173644374,0,0,0,3.020893728010341,0,0.1656422058504459,0
0,0,0,0,3.423968820717638,4.546978074280118,3.814267398761724,0,0,2.771272962068269,0.1863113973701064,1.275088046655766,0,0.01929579430360318,0,0,4.006600323558324,4.442832610702833,1.153840779047482,0,1.811028567070645,3.917951940890116,4.432059246214329,4.135259547280791,0,0,0,4.62852196014008,1.674522896888432,0,0,3.400969822240258,0.3669547334689632,0.8475093530747257,0,3.297739440807763,4.396392422559593,0.9457696692599432,0,1.505734760504242
3.755786609498047,3.968330415129681,0,3.423968820717638,0,4.048945535470957,4.143587130800362,2.055924453444313,1.48085911643003,0,2.610344405595355,0,0,0.2269763733081975,0,3.638487218461903,3.352288307279747,0,0,0.4433946727123839,4.660974350463,0,1.500206075544869,0,0,0.868857916123017,0,3.201946123168809,0,0,0,0,3.702341901109356,0,2.989168861603893,0,1.206390775337518,0,3.231100339463965,0
0,0,2.49336994621006,4.546978074280118,4.048945535470957,0,3.803641280590399,0,2.377791122206796,0,3.814852384723898,3.345222083195923,0,4.832879665269479,0.9166835309168114,3.253744736154538,0,3.193002973755683,0.7830851005475292,0,3.498274244844056,0,0,2.186381265864434,3.744778077385755,0,0,4.49212347150641,0,2.380807471653257,2.26629629768579,1.102241214408525,0,0,0,0.8807789031139962,3.137532384856675,4.042417544848658,0,3.190640662561806
1.421465372281561,1.602564220740193,3.274840307592922,3.814267398761724,4.143587130800362,3.803641280590399,0,0,3.949237793424076,3.924899456914652,1.111117313326074,3.79124393588981,0.006571989941220879,0,0,1.74312218829947,0,3.830146821185941,4.347042457687605,1.147926975677903,0,0,3.732116001810748,4.109874058440926,2.187673968300624,0,2.049470899235609,0,0,0,0,0,0,3.946279706606399,3.078625711448095,0,0,2.795145597849679,0,0
3.596319634112052,2.555144620791772,0,0,2.055924453444313,0,0,0,0.5461124834432746,3.180030760558777,0,0,0,3.937702650796062,0.04427515049300113,2.838664391364871,1.901817797063336,0,4.852613934780528,0,0,0,3.950864675121672,0,0,0,1.973287207819076,0.9079088433794846,0,0,0,0,0,0,0.587724009114558,3.571526412147648,4.296508445882077,3.103989735528938,0,4.967138948985157
0,1.9952561655339,1.499829271307183,0,1.48085911643003,2.377791122206796,3.949237793424076,0.5461124834432746,0,0,0.7966336170082983,3.504394261492036,3.922944372980299,0,0,1.51736559297349,2.221690826661715,4.717971996759993,1.861661398199126,1.773489910680166,2.266174090607518,3.450524596408177,0,0.2840748024776196,3.392213851836133,0,0,0,3.868124112448817,0.6369359623837423,3.190752507358325,0,0.07774309266916246,1.796455675865348,0,0.2951940412126303,0,0,0,0
0,0,1.266761709106257,2.771272962068269,0,0,3.924899456914652,3.180030760558777,0,0,0,0,1.950140706800303,0,2.945517756011329,0,2.007532143244488,0,0,0,0,3.16638499300339,0,0,0,0,1.579041700043747,4.379187883225056,4.375076753188335,0,0.8404332932586422,4.580017536623519,4.322502527085388,1.000373057247387,0,0,0,0.2814476849317032,0,0.3068888390693386
0,0,0,0.1863113973701064,2.610344405595355,3.814852384723898,1.111117313326074,0,0.7966336170082983,0,0,0,0.6892725511258313,3.39758746167308,0,0,0,0.4596696942126549,0,0.6658639225884089,0,3.53038814196659,0.7123217708173418,1.665162768185738,3.956602910816815,4.434808073532242,0,4.174784004570192,0.00736961455260976,0,2.813301783055187,0,0,0,0,0.6193875574890029,0,2.696654735633754,3.010356562005606,0
0.7568683291322559,0,0,1.275088046655766,0,3.345222083195923,3.79124393588981,0,3.504394261492036,0,0,0,0,3.32321033576427,1.923400023118953,3.12265066497571,0,0,2.543296348211327,1.322831771770826,0,0,0,3.618091390511005,2.639836919195033,0,0,0.846619742272669,1.921421627722025,1.745241643358061,0.9649897243827665,1.288481511015529,2.169906890173051,0,0.6735302918844654,4.472267327066124,0,0,0,3.24295132207631
0,0,0.24392252018064,0,0,0,0.006571989941220879,0,3.922944372980299,1.950140706800303,0.6892725511258313,0,0,0,0,4.199414949909837,0,0,2.710445377223985,0,0,0,0,2.70187867082914,0,0,0,0,0,0,3.085912797361349,0,0,3.309289710466072,2.785237335294573,0.04492426683942841,0.1457779108997703,0,0,1.255477202141739
0,0,4.092173079884757,0.01929579430360318,0.2269763733081975,4.832879665269479,0,3.937702650796062,0,0,3.39758746167308,3.32321033576427,0,0,0,0,2.959724173579269,4.279179503516993,0,0.7066164559347149,0,0,0,1.826182415414731,2.142249680036483,0,0,0,0,1.161273765253898,4.575069968783628,0.2376709709572694,0.1399664758565977,0,3.904339253020383,0,0,0,0,0
0,0.454352890740104,0,0,0,0.9166835309168114,0,0.04427515049300113,0,2.945517756011329,0,1.923400023118953,0,0,0,0,2.033297101488878,4.497132185507919,0,1.612613178102309,2.889218975587288,0,4.128671348495463,2.256370822554658,0,2.348251859579793,0,0,0,1.501743674485228,0,0,2.536333624081478,3.265093862890344,0,0,0,3.854919700056766,0,0
4.919584882482376,3.722222238138144,1.839118338998324,0,3.638487218461903,3.253744736154538,1.74312218829947,2.838664391364871,1.51736559297349,0,0,3.12265066497571,4.199414949909837,0,0,0,3.021944480688007,0,0,0,3.728547354027925,4.309996589136767,3.890091844731541,0,4.36342229650282,0,0,4.287827934075452,2.053523978266005,3.785615682128216,3.521166197503223,3.472683803971651,0.5847312920591374,2.131233307781981,3.194718228141986,0,0.6878151418828798,3.363635029556731,1.802913801376705,0
4.249141474796368,4.195709025699429,2.38742104498993,4.006600323558324,3.352288307279747,0,0,1.901817797063336,2.221690826661715,2.007532143244488,0,0,0,2.959724173579269,2.033297101488878,3.021944480688007,0,0,3.770563404786639,0,0,0,3.478723965986088,1.232384740747491,0,4.676624413577981,0,0,0,1.578027694254124,1.670212772859894,1.107900702039126,1.010588157861086,0,2.755378295374073,3.088350959733875,2.812236457996511,4.842470740702096,0,0
0,0,3.828253080043332,4.442832610702833,0,3.193002973755683,3.830146821185941,0,4.717971996759993,0,0.4596696942126549,0,0,4.279179503516993,4.497132185507919,0,0,0,1.947594041520531,4.42558577193523,0,0,4.28278481373627,1.268098837572393,2.552154786059051,3.761097113104041,0,2.954819649131642,0,0,0,1.249263789729654,0.02404231778456167,4.812168846886954,0,0,0,0,2.298904390045326,1.932258268426032
1.552982268582064,2.751195519042536,1.980384706047284,1.153840779047482,0,0.7830851005475292,4.347042457687605,4.852613934780528,1.861661398199126,0,0,2.543296348211327,2.710445377223985,0,0,0,3.770563404786639,1.947594041520531,0,3.011290882634327,0,0,0,4.525785087971445,4.324758214764187,1.883572136471933,0.8680952511255635,1.815820470407495,0,0,3.423398712036293,0,0,0,2.301904132965433,0,3.224692238432566,0,3.377288710744953,2.829248051921759
4.016925429984526,0,0,0,0.4433946727123839,0,1.147926975677903,0,1.773489910680166,0,0.6658639225884089,1.322831771770826,0,0.7066164559347149,1.612613178102309,0,0,4.42558577193523,3.011290882634327,0,0,1.325267965966062,0,4.055528219233951,1.518780843275376,1.667736365999127,0,1.992752170081268,3.833228441476231,0,4.548503595599706,3.012948693279654,2.186591051511648,0,4.478599590057703,2.718365096332604,3.941269002211694,2.471785339143238,0,1.186708642555931
0,0,3.524120495533441,1.811028567070645,4.660974350463,3.498274244844056,0,0,2.266174090607518,0,0,0,0,0,2.889218975587288,3.728547354027925,0,0,0,0,0,0,0,0,0,0,2.968235216304,1.276023402250719,1.688655034731847,0,4.56990708618486,0,4.675061229837527,0,0,3.463408141982414,0.2154498018886825,3.622512065458436,3.534816393814411,1.334324301301741
4.087854406343514,0.8460763265734211,0,3.917951940890116,0,0,0,0,3.450524596408177,3.16638499300339,3.53038814196659,0,0,0,0,4.309996589136767,0,0,0,1.325267965966062,0,0,0,4.14371297450997,0,2.575815921064008,3.117199178220036,0,0,0,0.2092593311914354,4.52641333729771,0,0,0,3.164163743643281,4.191353487527322,0,0,0
2.872667950869986,4.559925104574162,3.250202907113567,4.432059246214329,1.500206075544869,0,3.732116001810748,3.950864675121672,0,0,0.7123217708173418,0,0,0,4.128671348495463,3.890091844731541,3.478723965986088,4.28278481373627,0,0,0,0,0,0.5077536189710147,1.968865333501473,2.570599959070718,0,1.865388591559128,0,1.203200581734813,1.751360173204186,0,3.258484208845839,4.931053495419139,0,3.271708297935028,0,1.895618653950777,4.067195648334001,0
0,0,0.4665358144839854,4.135259547280791,0,2.186381265864434,4.109874058440926,0,0.2840748024776196,0,1.665162768185738,3.618091390511005,2.70187867082914,1.826182415414731,2.256370822554658,0,1.232384740747491,1.268098837572393,4.525785087971445,4.055528219233951,0,4.14371297450997,0.5077536189710147,0,0.04693338504623445,4.598571129731935,2.791203505307018,0,0,0.6448618629503144,0,0,1.253595197792324,0,1.02791962464031,0,3.284609550142563,1.213177537749542,3.165108153379546,0
0,0,0.1751129254445621,0,0,3.744778077385755,2.187673968300624,0,3.392213851836133,0,3.956602910816815,2.639836919195033,0,2.142249680036483,0,4.36342229650282,0,2.552154786059051,4.324758214764187,1.518780843275376,0,0,1.968865333501473,0.04693338504623445,0,1.634510039084828,0,0,0.09910958595460262,0,0,0.3911899425123477,0,0,3.899445021618137,0,0,0,0,0
0,1.078806260862565,0,0,0.868857916123017,0,0,0,0,0,4.434808073532242,0,0,0,2.348251859579793,0,4.676624413577981,3.761097113104041,1.883572136471933,1.667736365999127,0,2.575815921064008,2.570599959070718,4.598571129731935,1.634510039084828,0,4.773875040268532,0,0,1.297222832992601,0,0,0,0.6104284729045284,0.7206712226998069,2.957404337944493,0,3.481935264910374,3.896486583867465,3.130523905858996
0,3.960951322220815,0,0,0,0,2.049470899235609,1.973287207819076,0,1.579041700043747,0,0,0,0,0,0,0,0,0.8680952511255635,0,2.968235216304,3.117199178220036,0,2.791203505307018,0,4.773875040268532,0,0,0,0,0.004043091029811707,0,0,0,0,0,0,4.980861547648101,0,0
4.992133946709355,0,0,4.62852196014008,3.201946123168809,4.49212347150641,0,0.9079088433794846,0,4.379187883225056,4.174784004570192,0.846619742272669,0,0,0,4.287827934075452,0,2.954819649131642,1.815820470407495,1.992752170081268,1.276023402250719,0,1.865388591559128,0,0,0,0,0,4.456467290540863,0,2.185062865203771,4.490461187051941,3.978471655966995,0,1.331558454382309,0,0.4003406946745103,4.506075711085145,0,0
1.559104519578629,3.164967841811737,1.69037429514731,1.674522896888432,0,0,0,0,3.868124112448817,4.375076753188335,0.00736961455260976,1.921421627722025,0,0,0,2.053523978266005,0,0,0,3.833228441476231,1.688655034731847,0,0,0,0.09910958595460262,0,0,4.456467290540863,0,0.2358401553742989,0,0.5880305856516294,1.461510677841527,0.2279656771659355,1.739106234827146,0,0,3.374124439678545,0.7080836733917545,0
0,0.7641707112622903,1.448862081837823,0,0,2.380807471653257,0,0,0.6369359623837423,0,0,1.745241643358061,0,1.161273765253898,1.501743674485228,3.785615682128216,1.578027694254124,0,0,0,0,0,1.203200581734813,0.6448618629503144,0,1.297222832992601,0,0,0.2358401553742989,0,0,0.2066786284236466,0,1.474446029820703,1.160033306141223,0.2328201952525932,0,0,4.15789131364512,0
1.31574159676888,4.029117547084304,3.583382062964904,0,0,2.26629629768579,0,0,3.190752507358325,0.8404332932586422,2.813301783055187,0.9649897243827665,3.085912797361349,4.575069968783628,0,3.521166197503223,1.670212772859894,0,3.423398712036293,4.548503595599706,4.56990708618486,0.2092593311914354,1.751360173204186,0,0,0,0.004043091029811707,2.185062865203771,0,0,0,4.134052753035008,1.187756527840225,0,0,3.463833279067004,2.857809204658405,0,2.990888701567009,3.546748308949285
0,0,2.672125083951598,3.400969822240258,0,1.102241214408525,0,0,0,4.580017536623519,0,1.288481511015529,0,0.2376709709572694,0,3.472683803971651,1.107900702039126,1.249263789729654,0,3.012948693279654,0,4.52641333729771,0,0,0.3911899425123477,0,0,4.490461187051941,0.5880305856516294,0.2066786284236466,4.134052753035008,0,2.364759396819666,0,2.864322881430892,3.674468146535824,0,0,0.4690152878768861,0
0.2409057200535142,1.396136672782005,4.499907173644374,0.3669547334689632,3.702341901109356,0,0,0,0.07774309266916246,4.322502527085388,0,2.169906890173051,0,0.1399664758565977,2.536333624081478,0.5847312920591374,1.010588157861086,0.02404231778456167,0,2.186591051511648,4.675061229837527,0,3.258484208845839,1.253595197792324,0,0,0,3.978471655966995,1.461510677841527,0,1.187756527840225,2.364759396819666,0,3.009388579698835,2.108929085315156,4.688037584452093,3.627445277036763,0,4.807976508272075,0
0,0,0,0.8475093530747257,0,0,3.946279706606399,0,1.796455675865348,1.000373057247387,0,0,3.309289710466072,0,3.265093862890344,2.131233307781981,0,4.812168846886954,0,0,0,0,4.931053495419139,0,0,0.6104284729045284,0,0,0.2279656771659355,1.474446029820703,0,0,3.009388579698835,0,0,0.2156855048208689,0.3246033880997262,0,0,0
0,1.797765224529786,0,0,2.989168861603893,0,3.078625711448095,0.587724009114558,0,0,0,0.6735302918844654,2.785237335294573,3.904339253020383,0,3.194718228141986,2.755378295374073,0,2.301904132965433,4.478599590057703,0,0,0,1.02791962464031,3.899445021618137,0.7206712226998069,0,1.331558454382309,1.739106234827146,1.160033306141223,0,2.864322881430892,2.108929085315156,0,0,0,0,0.818292495250213,0,0
0,1.232358020489803,0,3.297739440807763,0,0.8807789031139962,0,3.571526412147648,0.2951940412126303,0,0.6193875574890029,4.472267327066124,0.04492426683942841,0,0,0,3.088350959733875,0,0,2.718365096332604,3.463408141982414,3.164163743643281,3.271708297935028,0,0,2.957404337944493,0,0,0,0.2328201952525932,3.463833279067004,3.674468146535824,4.688037584452093,0.2156855048208689,0,0,1.585486720549283,0.1240204517089361,1.934750470681644,1.204893310681272
2.677824472563242,1.955594060673821,3.020893728010341,4.396392422559593,1.206390775337518,3.137532384856675,0,4.296508445882077,0,0,0,0,0.1457779108997703,0,0,0.6878151418828798,2.812236457996511,0,3.224692238432566,3.941269002211694,0.2154498018886825,4.191353487527322,0,3.284609550142563,0,0,0,0.4003406946745103,0,0,2.857809204658405,0,3.627445277036763,0.3246033880997262,0,1.585486720549283,0,0,0,1.338400956908989
4.035068873099256,4.917104364116981,0,0.9457696692599432,0,4.042417544848658,2.795145597849679,3.103989735528938,0,0.2814476849317032,2.696654735633754,0,0,0,3.854919700056766,3.363635029556731,4.842470740702096,0,0,2.471785339143238,3.622512065458436,0,1.895618653950777,1.213177537749542,0,3.481935264910374,4.980861547648101,4.506075711085145,3.374124439678545,0,0,0,0,0,0.818292495250213,0.1240204517089361,0,0,2.196859162143439,0
4.365969788049196,0.6356125329601064,0.1656422058504459,0,3.231100339463965,0,0,0,0,0,3.010356562005606,0,0,0,0,1.802913801376705,0,2.298904390045326,3.377288710744953,0,3.534816393814411,0,4.067195648334001,3.165108153379546,0,3.896486583867465,0,0,0.7080836733917545,4.15789131364512,2.990888701567009,0.4690152878768861,4.807976508272075,0,0,1.934750470681644,0,2.196859162143439,0,0
0,0,0,1.505734760504242,0,3.190640662561806,0,4.967138948985157,0,0.3068888390693386,0,3.24295132207631,1.255477202141739,0,0,0,0,1.932258268426032,2.829248051921759,1.186708642555931,1.334324301301741,0,0,0,0,3.130523905858996,0,0,0,0,3.546748308949285,0,0,0,0,1.204893310681272,1.338400956908989,0,0,0
0,3.248913927363809,1.878790856087458,0,2.096898249964845,0,2.176579028921036,0.119564406798276,0,0,0,0.7480429931633287,0,0,0,4.898949359456424,0.9545910181094347,0,0.01777723726605174,4.119854436140361,0,2.029143574031296,4.579625127251107,0,0,0,0,4.937274033745209,4.475853899978032,0,0.5136018063144587,0,1.09582991277191,0,0,0,0.8243512123851676,3.164762218276256,0.2726983695489854,0
3.248913927363809,0,2.344068902898313,0,0.463568594321474,0,3.007898992291174,0.5506417009140518,4.491499740893385,0,0,0,0,0,1.842208326920113,4.196746387843874,4.912462507529892,0,0.9025844808645089,0,0,2.152261566662299,4.757071582553799,0,0,0.3936974162331736,1.667460649384996,0,4.649835857961043,2.02860396857264,1.632194546556887,0,3.838180828487336,0,0.1341931448112793,3.30366072314524,0.1675262983125192,4.481530464930305,3.273103715419506,0
1.878790856087458,2.344068902898313,0,0,0,3.693042583627101,4.391141975677469,0,3.670899532879571,0.3547729250582699,0,0,1.56916179936396,2.975641462646126,0,3.397853098021279,0.3329381147580279,3.782904019314103,2.460303254197657,0,1.904967612012591,0,3.392662305262451,3.989424861462485,2.027374861466346,0,0,0,3.3555827476549,1.882802134964421,2.533936897674413,2.175826164820788,2.752324955952345,0,0,0,3.205525258300436,0,4.647169393929829,0
0,0,0,0,0.4619829767384603,0.05670570279880605,2.878429906915909,0,0,2.219326784163098,4.878988765180551,4.545249209714007,0,4.402907305158552,0,0,0.7855664398873391,1.318330040948131,3.289769785423489,0,3.906960110012643,3.385310313488028,2.575023064687098,3.90715163455122,0,0,0,4.495409188710909,1.143415586243375,0,0,4.58711874223717,3.836993674800687,2.657246206797901,0,1.473864851338423,2.78928845359898,0.768199154462782,0,2.477872395152148
2.096898249964845,0.463568594321474,0,0.4619829767384603,0,3.72616840605831,3.429723542194223,1.182445935577103,2.313909441421719,0,0.5145928961072938,0,0,4.208648723805051,0,3.25493398563189,2.202672358882185,0,0,1.254258165464069,0.4611474819442418,0,4.067724119484936,0,0,3.257005323692738,0,0.03677846388242922,0,0,0,0,4.130509744569927,0,4.061163051775173,0,3.659325299118481,0,0.5420554489251195,0
0,0,3.693042583627101,0.05670570279880605,3.72616840605831,0,4.575539676743928,0,2.916292906138521,0,3.860860525914836,1.481469316755398,0,1.565137441138605,0.3845947112300285,4.086852620197425,0,2.960372898018226,2.173237057123484,0,2.42952453758916,0,0,3.345438915848678,0.7834839877894811,0,0,4.25353230356721,0,4.974527585762123,0.664269840751856,4.289453855318787,0,0,0,2.155931832035934,0.1454377592534906,3.968430148449311,0,0.4529507602068311
2.176579028921036,3.007898992291174,4.391141975677469,2.878429906915909,3.429723542194223,4.575539676743928,0,0,2.831265633044939,2.518682185286378,0.4180435867400173,4.805974900552693,4.906339535773284,0,0,1.250373666765338,0,4.230761721374192,2.071089270746628,0.03456381985183665,0,0,3.998353970848364,3.185113993714632,1.604199714052588,0,1.855939385712388,0,0,0,0,0,0,2.506337265422209,1.524799788035085,0,0,2.666771039018295,0,0
0.119564406798276,0.5506417009140518,0,0,1.182445935577103,0,0,0,0.03305382982101146,2.627806256176934,0,0,0,4.847139279478727,3.357967671564366,0.9413588786993349,1.982846226055209,0,3.044427693485879,0,0,0,1.414789365932889,0,0,0,1.294952710794836,2.878738076077847,0,0,0,0,0,0,0.8701876219255406,4.535186481539556,2.616887364870181,3.667837199138581,0,1.631967338403399
0,4.491499740893385,3.670899532879571,0,2.313909441421719,2.916292906138521,2.831265633044939,0.03305382982101146,0,0,0.76308116802702,0.8999306874077417,2.632448163602417,0,0,3.03719975476421,2.284414063265283,4.739610693788464,2.028478454906745,1.695104309256578,0.3737471922788321,4.268618049057863,0,0.7146779014645971,0.573944845826293,0,0,0,4.504235523134469,0.6686784314650829,4.362654104406383,0,2.937440469145145,0.5702980763942328,0,1.905150284727137,0,0,0,0
0,0,0.3547729250582699,2.219326784163098,0,0,2.518682185286378,2.627806256176934,0,0,0,0,2.372419702582111,0,2.398668077192263,0,2.311926837939033,0,0,0,0,4.527058217433738,0,0,0,0,1.55651090614875,4.356177486901725,0.3370673818416264,0,2.59862341796848,3.075171318769674,1.667908059144443,0.3450492617884271,0,0,0,2.217546237170361,0,3.305369944661231
0,0,0,4.878988765180551,0.5145928961072938,3.860860525914836,0.4180435867400173,0,0.76308116802702,0,0,0,3.149058335127744,3.520609456015183,0,0,0,4.965185871626287,0,1.475044772862903,0,0.1950684620781068,4.312027294453974,2.067082761422005,2.970927313924835,3.287158367212207,0,1.625717002985297,1.476979245857076,0,3.754382259808844,0,0,0,0,0.9311910287905922,0,1.869174583545484,3.876288560691152,0
0.7480429931633287,0,0,4.545249209714007,0,1.481469316755398,4.805974900552693,0,0.8999306874077417,0,0,0,0,2.074177665906778,0.2004136441754961,3.120077731699646,0,0,3.016505000296664,1.573494811504521,0,0,0,2.875738064153244,0.9255391039747357,0,0,2.966912366051766,1.998094805144288,3.151120277690526,4.597880691863234,2.135239788538246,3.924112115872504,0,0.5995637769863127,1.92864232221872,0,0,0,2.373273116773928
0,0,1.56916179936396,0,0,0,4.906339535773284,0,2.632448163602417,2.372419702582111,3.149058335127744,0,0,0,0,1.024761368340046,0,0,1.410314364395134,0,0,0,0,4.089316561156263,0,0,0,0,0,0,1.777597268566166,0,0,1.000122979483975,0.1069905848249397,3.59140231830589,3.899086337387205,0,0,1.577364957639755
0,0,2.975641462646126,4.402907305158552,4.208648723805051,1.565137441138605,0,4.847139279478727,0,0,3.520609456015183,2.074177665906778,0,0,0,0,1.798260865820364,3.622031418444122,0,0.3965112253326192,0,0,0,2.992952503422827,3.085767472295177,0,0,0,0,3.699161135318537,2.165915403195783,4.973049476245457,0.3342088058892378,0,2.609411907046408,0,0,0,0,0
0,1.842208326920113,0,0,0,0.3845947112300285,0,3.357967671564366,0,2.398668077192263,0,0.2004136441754961,0,0,0,0,2.315314629545826,2.264730578357473,0,2.318881169716378,0.3742215379991776,0,2.222729419594529,1.249845847051379,0,2.88890348823374,0,0,0,2.000148578098192,0,0,0.568582205222789,2.305660632749,0,0,0,1.569009604362761,0,0
4.898949359456424,4.196746387843874,3.397853098021279,0,3.25493398563189,4.086852620197425,1.250373666765338,0.9413588786993349,3.03719975476421,0,0,3.120077731699646,1.024761368340046,0,0,0,0.4740177822922492,0,0,0,2.68192903519243,1.566510974182128,2.133361929115219,0,1.429073912663337,0,0,3.017715926908678,3.661828738928671,2.025987617703914,0.8043183951136479,4.637470460271995,1.704007539477668,0.4908397851444224,4.465741228290358,0,2.120437163146141,3.093263713729939,0.9553663268627771,0
0.9545910181094347,4.912462507529892,0.3329381147580279,0.7855664398873391,2.202672358882185,0,0,1.982846226055209,2.284414063265283,2.311926837939033,0,0,0,1.798260865820364,2.315314629545826,0.4740177822922492,0,0,2.597573831938798,0,0,0,3.999157165768131,2.556031855711942,0,4.638597295662541,0,0,0,4.970084375330947,2.613863831764354,1.019797470185794,2.345464809340492,0,0.2572858328431771,2.812666956047799,0.9717756272926353,2.908717126355448,0,0
0,0,3.782904019314103,1.318330040948131,0,2.960372898018226,4.230761721374192,0,4.739610693788464,0,4.965185871626287,0,0,3.622031418444122,2.264730578357473,0,0,0,3.999882832086303,1.048216613607972,0,0,3.817875164587848,3.596251423299325,3.865332382166708,1.430876158432263,0,0.5548512355139829,0,0,0,1.823762132332059,2.938643821724514,1.568682283559291,0,0,0,0,4.596342036894431,3.015082761402446
0.01777723726605174,0.9025844808645089,2.460303254197657,3.289769785423489,0,2.173237057123484,2.071089270746628,3.044427693485879,2.028478454906745,0,0,3.016505000296664,1.410314364395134,0,0,0,2.597573831938798,3.999882832086303,0,3.282314733563954,0,0,0,4.329146905566015,1.775752876140628,0.7459683177291115,3.380588663158779,1.33721555641218,0,0,2.772836562834671,0,0,0,0.07016907191105648,0,1.436020745854017,0,1.26107097297411,1.37166698104009
4.119854436140361,0,0,0,1.254258165464069,0,0.03456381985183665,0,1.695104309256578,0,1.475044772862903,1.573494811504521,0,0.3965112253326192,2.318881169716378,0,0,1.048216613607972,3.282314733563954,0,0,4.479496985648997,0,0.7241399466637033,0.4460938373830914,1.948691912245352,0,4.15691502344454,2.821767677771291,0,2.892992234947834,0.9212949839088508,3.06302533749097,0,1.37049532953472,1.933406648179927,4.264604433275049,0.1560447982834179,0,2.387017395905123
0,0,1.904967612012591,3.906960110012643,0.4611474819442418,2.42952453758916,0,0,0.3737471922788321,0,0,0,0,0,0.3742215379991776,2.68192903519243,0,0,0,0,0,0,0,0,0,0,0.2190876092667021,4.523456179020654,3.094276780119855,0,4.104804486847201,0,4.867065425547165,0,0,3.583019322244159,3.788158605224227,1.721089848878016,3.955869536985671,4.450890895232627
2.029143574031296,2.152261566662299,0,3.385310313488028,0,0,0,0,4.268618049057863,4.527058217433738,0.1950684620781068,0,0,0,0,1.566510974182128,0,0,0,4.479496985648997,0,0,0,2.469010446767636,0,0.2659746950899022,4.769291598787591,0,0,0,1.12873128360399,2.355311232473609,0,0,0,2.077728544688222,3.630827097446121,0,0,0
4.579625127251107,4.757071582553799,3.392662305262451,2.575023064687098,4.067724119484936,0,3.998353970848364,1.414789365932889,0,0,4.312027294453974,0,0,0,2.222729419594529,2.133361929115219,3.999157165768131,3.817875164587848,0,0,0,0,0,3.349816086946641,1.959091648780313,0.9657164407096663,0,3.491231845810066,0,1.139043034700675,2.293412554364203,0,0.7303107017384319,2.183724095314576,0,0.3004779781779932,0,3.844537064192595,3.938177976942241,0
0,0,3.989424861462485,3.90715163455122,0,3.345438915848678,3.185113993714632,0,0.7146779014645971,0,2.067082761422005,2.875738064153244,4.089316561156263,2.992952503422827,1.249845847051379,0,2.556031855711942,3.596251423299325,4.329146905566015,0.7241399466637033,0,2.469010446767636,3.349816086946641,0,0.6430478676616824,1.115371451399387,3.654960127952921,0,0,1.07417828281924,0,0,0.5126872639269769,0,4.717643052066352,0,3.894837242335063,1.408133140726062,0.1577842127870566,0
0,0,2.027374861466346,0,0,0.7834839877894811,1.604199714052588,0,0.573944845826293,0,2.970927313924835,0.9255391039747357,0,3.085767472295177,0,1.429073912663337,0,3.865332382166708,1.775752876140628,0.4460938373830914,0,0,1.959091648780313,0.6430478676616824,0,1.555534244441811,0,0,2.852362959892292,0,0,0.8597191663306175,0,0,3.541696150558967,0,0,0,0,0
0,0.3936974162331736,0,0,3.257005323692738,0,0,0,0,0,3.287158367212207,0,0,0,2.88890348823374,0,4.638597295662541,1.430876158432263,0.7459683177291115,1.948691912245352,0,0.2659746950899022,0.9657164407096663,1.115371451399387,1.555534244441811,0,4.943104987710258,0,0,1.728972569285279,0,0,0,3.804787350504885,3.175878526521489,1.133738796818282,0,0.4762964167155159,0.09141942379985502,0.5557359661402611
0,1.667460649384996,0,0,0,0,1.855939385712388,1.294952710794836,0,1.55651090614875,0,0,0,0,0,0,0,0,3.380588663158779,0,0.2190876092667021,4.769291598787591,0,3.654960127952921,0,4.943104987710258,0,0,0,0,4.515032231478649,0,0,0,0,0,0,4.861221365643242,0,0
4.937274033745209,0,0,4.495409188710909,0.03677846388242922,4.25353230356721,0,2.878738076077847,0,4.356177486901725,1.625717002985297,2.966912366051766,0,0,0,3.017715926908678,0,0.5548512355139829,1.33721555641218,4.15691502344454,4.523456179020654,0,3.491231845810066,0,0,0,0,0,1.267591037268448,0,2.752698580737496,0.2922154670629035,1.508524058372858,0,0.8543741538129807,0,4.691231123150542,0.001828118816528668,0,0
4.475853899978032,4.649835857961043,3.3555827476549,1.143415586243375,0,0,0,0,4.504235523134469,0.3370673818416264,1.476979245857076,1.998094805144288,0,0,0,3.661828738928671,0,0,0,2.821767677771291,3.094276780119855,0,0,0,2.852362959892292,0,0,1.267591037268448,0,0.2792890458425307,0,1.306516349406593,0.9362370357970179,3.277367379904816,0.2769427512961325,0,0,3.040484590447917,2.414049177414134,0
0,2.02860396857264,1.882802134964421,0,0,4.974527585762123,0,0,0.6686784314650829,0,0,3.151120277690526,0,3.699161135318537,2.000148578098192,2.025987617703914,4.970084375330947,0,0,0,0,0,1.139043034700675,1.07417828281924,0,1.728972569285279,0,0,0.2792890458425307,0,0,2.119152940261793,0,4.514360771111591,1.03568741400053,1.160341897530824,0,0,2.18876302934218,0
0.5136018063144587,1.632194546556887,2.533936897674413,0,0,0.664269840751856,0,0,4.362654104406383,2.59862341796848,3.754382259808844,4.597880691863234,1.777597268566166,2.165915403195783,0,0.8043183951136479,2.613863831764354,0,2.772836562834671,2.892992234947834,4.104804486847201,1.12873128360399,2.293412554364203,0,0,0,4.515032231478649,2.752698580737496,0,0,0,4.770288410925977,2.171425792943549,0,0,1.0224291224947,1.581112804261253,0,0.4185172083551325,4.3015544058376
0,0,2.175826164820788,4.58711874223717,0,4.289453855318787,0,0,0,3.075171318769674,0,2.135239788538246,0,4.973049476245457,0,4.637470460271995,1.019797470185794,1.823762132332059,0,0.9212949839088508,0,2.355311232473609,0,0,0.8597191663306175,0,0,0.2922154670629035,1.306516349406593,2.119152940261793,4.770288410925977,0,0.8042266558918798,0,2.251117521187891,1.772960128034936,0,0,3.625852280688046,0
1.09582991277191,3.838180828487336,2.752324955952345,3.836993674800687,4.130509744569927,0,0,0,2.937440469145145,1.667908059144443,0,3.924112115872504,0,0.3342088058892378,0.568582205222789,1.704007539477668,2.345464809340492,2.938643821724514,0,3.06302533749097,4.867065425547165,0,0.7303107017384319,0.5126872639269769,0,0,0,1.508524058372858,0.9362370357970179,0,2.171425792943549,0.8042266558918798,0,0.9925195261958475,2.980271832480441,3.276041045077312,0.6952200551780252,0,0.04089151240313615,0
0,0,0,2.657246206797901,0,0,2.506337265422209,0,0.5702980763942328,0.3450492617884271,0,0,1.000122979483975,0,2.305660632749,0.4908397851444224,0,1.568682283559291,0,0,0,0,2.183724095314576,0,0,3.804787350504885,0,0,3.277367379904816,4.514360771111591,0,0,0.9925195261958475,0,0,0.8277909053935389,3.362224757719501,0,0,0
0,0.1341931448112793,0,0,4.061163051775173,0,1.524799788035085,0.8701876219255406,0,0,0,0.5995637769863127,0.1069905848249397,2.609411907046408,0,4.465741228290358,0.2572858328431771,0,0.07016907191105648,1.37049532953472,0,0,0,4.717643052066352,3.541696150558967,3.175878526521489,0,0.8543741538129807,0.2769427512961325,1.03568741400053,0,2.251117521187891,2.980271832480441,0,0,0,0,2.19061672086116,0,0
0,3.30366072314524,0,1.473864851338423,0,2.155931832035934,0,4.535186481539556,1.905150284727137,0,0.9311910287905922,1.92864232221872,3.59140231830589,0,0,0,2.812666956047799,0,0,1.933406648179927,3.583019322244159,2.077728544688222,0.3004779781779932,0,0,1.133738796818282,0,0,0,1.160341897530824,1.0224291224947,1.772960128034936,3.276041045077312,0.8277909053935389,0,0,1.32966918607074,3.967702181285834,0.3276766905211209,4.512848312300449
0.8243512123851676,0.1675262983125192,3.205525258300436,2.78928845359898,3.659325299118481,0.1454377592534906,0,2.616887364870181,0,0,0,0,3.899086337387205,0,0,2.120437163146141,0.9717756272926353,0,1.436020745854017,4.264604433275049,3.788158605224227,3.630827097446121,0,3.894837242335063,0,0,0,4.691231123150542,0,0,1.581112804261253,0,0.6952200551780252,3.362224757719501,0,1.32966918607074,0,0,0,2.119335915260651
3.164762218276256,4.481530464930305,0,0.768199154462782,0,3.968430148449311,2.666771039018295,3.667837199138581,0,2.217546237170361,1.869174583545484,0,0,0,1.569009604362761,3.093263713729939,2.908717126355448,0,0,0.1560447982834179,1.721089848878016,0,3.844537064192595,1.408133140726062,0,0.4762964167155159,4.861221365643242,0.001828118816528668,3.040484590447917,0,0,0,0,0,2.19061672086116,3.967702181285834,0,0,1.534300203409104,0
0.2726983695489854,3.273103715419506,4.647169393929829,0,0.5420554489251195,0,0,0,0,0,3.876288560691152,0,0,0,0,0.9553663268627771,0,4.596342036894431,1.26107097297411,0,3.955869536985671,0,3.938177976942241,0.1577842127870566,0,0.09141942379985502,0,0,2.414049177414134,2.18876302934218,0.4185172083551325,3.625852280688046,0.04089151240313615,0,0,0.3276766905211209,0,1.534300203409104,0,0
0,0,0,2.477872395152148,0,0.4529507602068311,0,1.631967338403399,0,3.305369944661231,0,2.373273116773928,1.577364957639755,0,0,0,0,3.015082761402446,1.37166698104009,2.387017395905123,4.450890895232627,0,0,0,0,0.5557359661402611,0,0,0,0,4.3015544058376,0,0,0,0,4.512848312300449,2.119335915260651,0,0,0
0,3.820354456181636,4.317292457335546,0,0.001155325997083678,0,4.518795255909904,2.874662509984499,0,0,0,1.754010458185719,0,0,0,1.250765067989894,0.6207189361108406,0,4.076212226568356,4.260953246993181,0,2.331561103188121,2.477162043951799,0,0,0,0,0.7504328900944529,4.173841557913609,0,2.418595124169555,0,1.1958800704349,0,0,0,4.41719351176862,3.552136539318539,2.502003877575905,0
3.820354456181636,0,2.726111648469204,0,4.403997714306711,0,4.565763711862509,2.726309386652784,1.535219369627849,0,0,0,0,0,0.03896455318737169,1.312159601149396,3.132322505366659,0,3.39245934707441,0,0,2.08109068441405,1.730006013944323,0,0,4.665299308825677,3.463294321669002,0,2.64665484698944,1.562379994213892,2.749395725628619,0,1.080282980332044,0,2.502095961288607,1.647048455584824,2.030077012503343,4.328516048064494,4.319824560300622,0
4.317292457335546,2.726111648469204,0,0,0,0.06377834446135933,4.511864627210807,0,0.5210462687865547,3.1290166558552,0,0,3.208155838602593,2.682123044591,0,2.838895159353429,2.055142435918031,4.216351585225846,1.290473091424172,0,0.3820572208295159,0,1.268114208946444,3.557013131104416,1.248343776417531,0,0,0,0.261831595313694,0.5687768082546224,1.640438706243742,0.7885207284778967,2.136783434106336,0,0,0,0.637334180076875,0,4.624911256664589,0
0,0,0,0,4.362894835197225,2.61841351872727,3.159595743561167,0,0,0.4519206101430551,2.611699540065446,4.472802223756277,0,1.17560817520256,0,0,3.125826983899519,1.173927626521651,2.814741906200378,0,0.6774357565099054,0.7490586500944985,3.397043729658178,0.9544133337911204,0,0,0,2.72416699234371,4.112009038228686,0,0,1.283458354505789,0.42476107932507,3.169004290969799,0,4.751842007574499,3.761670300757057,0.1445103283254978,0,1.290815117491905
0.001155325997083678,4.403997714306711,0,4.362894835197225,0,1.685716570566883,1.336625275478773,0.9752766134054258,4.626162083396404,0,4.984402440941876,0,0,0.2412495880281601,0,3.323075100749587,0.6643697238903007,0,0,2.237795113900119,4.767699864147305,0,0.3835493710040766,0,0,2.493482029915572,0,0.5321055334630692,0,0,0,0,0.9109612368746201,0,4.072890870181602,0,0.2024580782958546,0,4.917484621082895,0
0,0,0.06377834446135933,2.61841351872727,1.685716570566883,0,4.50487478132179,0,1.302740409259205,0,0.1064981205483384,4.649760218383852,0,0.3821972890603903,0.7683138326535255,3.831331096849864,0,1.626446023428771,4.161216090513691,0,0.9135812540685179,0,0,2.738478554764394,0.2906190894748584,0,0,1.283959585340484,0,2.452893109238943,3.792531641227878,4.523644595686721,0,0,0,2.378275188992481,0.6809730482246584,2.509335435190181,0,0.3735405744940501
4.518795255909904,4.565763711862509,4.511864627210807,3.159595743561167,1.336625275478773,4.50487478132179,0,0,1.887069619442366,1.304983659667831,0.3685077687107974,2.332124810497809,2.850970911542263,0,0,1.725016926469311,0,4.509905959394765,3.306045760006592,3.833196986173171,0,0,4.538994705355025,4.769551884498035,0.6702602920022005,0,1.134270462225142,0,0,0,0,0,0,2.775909613485616,3.834838013756392,0,0,4.378620012823148,0,0
2.874662509984499,2.726309386652784,0,0,0.9752766134054258,0,0,0,2.986510399006766,1.298115400552495,0,0,0,0.9023405484427582,4.524066150086811,1.620982317335198,2.883708478470526,0,3.598328060894595,0,0,0,0.3415461931252167,0,0,0,4.239560799852724,0.9294251579924279,0,0,0,0,0,0,3.137045819935476,1.092688705572942,2.3868139713242,1.14998115442065,0,0.6858051809409921
0,1.535219369627849,0.5210462687865547,0,4.626162083396404,1.302740409259205,1.887069619442366,2.986510399006766,0,0,0.6847538680862408,4.018340402147534,2.855116817786843,0,0,1.394511549667266,2.999085691452427,2.264921956015735,2.194119608960071,4.479300233587039,3.316703067966693,2.339508613421493,0,0.8570936877722479,1.180319619981574,0,0,0,0.6908357817766614,0.6415547985175979,1.835366190994521,0,4.812791554525841,2.704089631943083,0,3.61184734189229,0,0,0,0
0,0,3.1290166558552,0.4519206101430551,0,0,1.304983659667831,1.298115400552495,0,0,0,0,4.126603582385875,0,0.9932530849224153,0,3.536410032527103,0,0,0,0,3.152764697482779,0,0,0,0,1.724884355527699,0.8639520152765467,3.233961079729859,0,3.137278046714606,0.4658753000852639,0.6770699966427035,2.759553675615057,0,0,0,2.68906263588773,0,0.09301320965665716
0,0,0,2.611699540065446,4.984402440941876,0.1064981205483384,0.3685077687107974,0,0.6847538680862408,0,0,0,4.285073463299266,2.304420283730249,0,0,0,0.4821681144524342,0,0.8331354146757702,0,3.081475619139247,1.380187080532719,2.071740762813165,1.547815462705534,3.422584451507909,0,1.83819649918961,0.2422727619121684,0,0.04615177189650044,0,0,0,0,3.232513552916212,0,3.53367443070538,2.959171028394613,0
1.754010458185719,0,0,4.472802223756277,0,4.649760218383852,2.332124810497809,0,4.018340402147534,0,0,0,0,2.491349511371376,2.914667929654836,1.478707056432881,0,0,0.8069848424975634,0.9159778576068262,0,0,0,1.001162518184836,0.4084485699421697,0,0,3.040324596632275,1.627087426991255,3.32221040403452,1.443460251662076,2.888616450203686,2.626169223102462,0,4.467262105419222,1.460259389290135,0,0,0,4.664560550198536
0,0,3.208155838602593,0,0,0,2.850970911542263,0,2.855116817786843,4.126603582385875,4.285073463299266,0,0,0,0,3.106274434064065,0,0,1.224374234450831,0,0,0,0,3.54208322666214,0,0,0,0,0,0,1.81469093309155,0,0,4.799931137862242,2.413402759458386,2.247132958630985,2.836752492920434,0,0,1.503284744013976
0,0,2.682123044591,1.17560817520256,0.2412495880281601,0.3821972890603903,0,0.9023405484427582,0,0,2.304420283730249,2.491349511371376,0,0,0,0,3.596534662377371,0.9955515090932959,0,4.380726737645379,0,0,0,3.342435731323879,2.794379384784186,0,0,0,0,4.444961725764249,1.448803779211198,1.033820745652228,4.635320704354469,0,4.659749669430032,0,0,0,0,0
0,0.03896455318737169,0,0,0,0.7683138326535255,0,4.524066150086811,0,0.9932530849224153,0,2.914667929654836,0,0,0,0,1.013371497186528,0.2901308824829268,0,0.4950861646065535,0.2867133468774097,0,4.910312816072871,4.777187658968447,0,4.556566135849247,0,0,0,2.588617571973591,0,0,2.452228284810102,4.318790552417775,0,0,0,0.2893631240823707,0,0
1.250765067989894,1.312159601149396,2.838895159353429,0,3.323075100749587,3.831331096849864,1.725016926469311,1.620982317335198,1.394511549667266,0,0,1.478707056432881,3.106274434064065,0,0,0,1.679906388846262,0,0,0,4.849825970097522,1.634921057486756,1.399809406933675,0,3.284246296927317,0,0,4.239202025456041,0.7555263943016882,3.509505400856222,0.007569666833790456,4.72105154434018,0.1836522179179945,1.516107833394085,0.3034519371669303,0,3.822833909395038,0.03423044730484603,3.571988304070344,0
0.6207189361108406,3.132322505366659,2.055142435918031,3.125826983899519,0.6643697238903007,0,0,2.883708478470526,2.999085691452427,3.536410032527103,0,0,0,3.596534662377371,1.013371497186528,1.679906388846262,0,0,2.929522362249376,0,0,0,3.303025835997596,3.701589432377916,0,2.93850180197976,0,0,0,4.91946441776502,1.366771828041742,3.120496529478273,1.891975907543575,0,1.537479687830199,4.152803548215355,1.107263954373089,0.4990014563872658,0,0
0,0,4.216351585225846,1.173927626521651,0,1.626446023428771,4.509905959394765,0,2.264921956015735,0,0.4821681144524342,0,0,0.9955515090932959,0.2901308824829268,0,0,0,1.998968499295031,2.401782439555445,0,0,4.880801480946131,3.467563078000436,2.864077630210924,3.137051713179128,0,0.9992614573611153,0,0,0,1.995287705860715,3.887312112570549,3.985425287373718,0,0,0,0,4.944717098319498,2.801595043551779
4.076212226568356,3.39245934707441,1.290473091424172,2.814741906200378,0,4.161216090513691,3.306045760006592,3.598328060894595,2.194119608960071,0,0,0.8069848424975634,1.224374234450831,0,0,0,2.929522362249376,1.998968499295031,0,1.549670433037619,0,0,0,0.5958466148755071,3.15573223731649,0.170484478535925,4.378002404044555,1.686513811401453,0,0,0.03017916828334133,0,0,0,0.0249160257162484,0,1.609654463418615,0,4.749938542425373,0.355826300423418
4.260953246993181,0,0,0,2.237795113900119,0,3.833196986173171,0,4.479300233587039,0,0.8331354146757702,0.9159778576068262,0,4.380726737645379,0.4950861646065535,0,0,2.401782439555445,1.549670433037619,0,0,3.039930440120781,0,4.874146875556985,2.607629024559773,0.7520643993777038,0,0.9250060268653332,1.947846859721112,0,3.878925518283884,0.9875485775550041,3.68741207378212,0,4.989492385248917,4.111160437650426,2.428064145945724,4.137872073840535,0,4.682096326101074
0,0,0.3820572208295159,0.6774357565099054,4.767699864147305,0.9135812540685179,0,0,3.316703067966693,0,0,0,0,0,0.2867133468774097,4.849825970097522,0,0,0,0,0,0,0,0,0,0,2.124514216666715,3.836503012423683,0.4344771997256325,0,2.743623182495175,0,1.862631950332467,0,0,4.001717482188452,3.298237645576962,0.1637541293030992,1.653345091124476,1.830505947866055
2.331561103188121,2.08109068441405,0,0.7490586500944985,0,0,0,0,2.339508613421493,3.152764697482779,3.081475619139247,0,0,0,0,1.634921057486756,0,0,0,3.039930440120781,0,0,0,2.953892680526975,0,4.218159602764639,0.8847199606675077,0,0,0,3.330751830159855,4.552320093856512,0,0,0,2.882498988834613,0.5442310018404095,0,0,0
2.477162043951799,1.730006013944323,1.268114208946444,3.397043729658178,0.3835493710040766,0,4.538994705355025,0.3415461931252167,0,0,1.380187080532719,0,0,0,4.910312816072871,1.399809406933675,3.303025835997596,4.880801480946131,0,0,0,0,0,1.736982989252997,1.03481650444713,3.01450453760811,0,2.943127105925223,0,1.785601935661623,4.755483313128865,0,3.469814642821422,1.723744271729322,0,4.702530450503789,0,1.412556328899417,0.6216123972202348,0
0,0,3.557013131104416,0.9544133337911204,0,2.738478554764394,4.769551884498035,0,0.8570936877722479,0,2.071740762813165,1.001162518184836,3.54208322666214,3.342435731323879,4.777187658968447,0,3.701589432377916,3.467563078000436,0.5958466148755071,4.874146875556985,0,2.953892680526975,1.736982989252997,0,3.819531906647571,2.548835940429931,0.3170105807417545,0,0,1.464148206781164,0,0,2.731819505910904,0,2.564033223295446,0,2.902347779371282,4.523855054993028,4.600167694025219,0
0,0,1.248343776417531,0,0,0.2906190894748584,0.6702602920022005,0,1.180319619981574,0,1.547815462705534,0.4084485699421697,0,2.794379384784186,0,3.284246296927317,0,2.864077630210924,3.15573223731649,2.607629024559773,0,0,1.03481650444713,3.819531906647571,0,3.230391989320529,0,0,0.1816745097368894,0,0,3.606401726084363,0,0,2.954711794267574,0,0,0,0,0
0,4.665299308825677,0,0,2.493482029915572,0,0,0,0,0,3.422584451507909,0,0,0,4.556566135849247,0,2.93850180197976,3.137051713179128,0.170484478535925,0.7520643993777038,0,4.218159602764639,3.01450453760811,2.548835940429931,3.230391989320529,0,0.7885883737237714,0,0,4.514774739428557,0,0,0,2.896808415680137,4.012078467589593,3.419218436068444,0,1.229360861140446,3.853808726678722,1.068471115667814
0,3.463294321669002,0,0,0,0,1.134270462225142,4.239560799852724,0,1.724884355527699,0,0,0,0,0,0,0,0,4.378002404044555,0,2.124514216666715,0.8847199606675077,0,0.3170105807417545,0,0.7885883737237714,0,0,0,0,3.41446470849353,0,0,0,0,0,0,3.729646863136677,0,0
0.7504328900944529,0,0,2.72416699234371,0.5321055334630692,1.283959585340484,0,0.9294251579924279,0,0.8639520152765467,1.83819649918961,3.040324596632275,0,0,0,4.239202025456041,0,0.9992614573611153,1.686513811401453,0.9250060268653332,3.836503012423683,0,2.943127105925223,0,0,0,0,0,1.431796689702741,0,4.930572368913506,0.6165907553737238,3.037308441910067,0,2.801537110155887,0,4.872369217395083,2.416400097268232,0,0
4.173841557913609,2.64665484698944,0.261831595313694,4.112009038228686,0,0,0,0,0.6908357817766614,3.233961079729859,0.2422727619121684,1.627087426991255,0,0,0,0.7555263943016882,0,0,0,1.947846859721112,0.4344771997256325,0,0,0,0.1816745097368894,0,0,1.431796689702741,0,0.3575599781032701,0,4.466790009565406,3.715741681593199,3.905211044523207,4.097207212943612,0,0,2.197129185118368,2.903092167265032,0
0,1.562379994213892,0.5687768082546224,0,0,2.452893109238943,0,0,0.6415547985175979,0,0,3.32221040403452,0,4.444961725764249,2.588617571973591,3.509505400856222,4.91946441776502,0,0,0,0,0,1.785601935661623,1.464148206781164,0,4.514774739428557,0,0,0.3575599781032701,0,0,0.3781898506918324,0,0.4069370464784555,1.080660547622621,4.374201894791615,0,0,2.535436531893632,0
2.418595124169555,2.749395725628619,1.640438706243742,0,0,3.792531641227878,0,0,1.835366190994521,3.137278046714606,0.04615177189650044,1.443460251662076,1.81469093309155,1.448803779211198,0,0.007569666833790456,1.366771828041742,0,0.03017916828334133,3.878925518283884,2.743623182495175,3.330751830159855,4.755483313128865,0,0,0,3.41446470849353,4.930572368913506,0,0,0,4.469210296760394,0.1253109237562483,0,0,0.3142639324224938,4.047489991982053,0,2.722073548807971,2.504493082684745
0,0,0.7885207284778967,1.283458354505789,0,4.523644595686721,0,0,0,0.4658753000852639,0,2.888616450203686,0,1.033820745652228,0,4.72105154434018,3.120496529478273,1.995287705860715,0,0.9875485775550041,0,4.552320093856512,0,0,3.606401726084363,0,0,0.6165907553737238,4.466790009565406,0.3781898506918324,4.469210296760394,0,0.7944890599694299,0,1.435285388503689,2.903167998447152,0,0,4.560227221395047,0
1.1958800704349,1.080282980332044,2.136783434106336,0.42476107932507,0.9109612368746201,0,0,0,4.812791554525841,0.6770699966427035,0,2.626169223102462,0,4.635320704354469,2.452228284810102,0.1836522179179945,1.891975907543575,3.887312112570549,0,3.68741207378212,1.862631950332467,0,3.469814642821422,2.731819505910904,0,0,0,3.037308441910067,3.715741681593199,0,0.1253109237562483,0.7944890599694299,0,3.283787076110544,1.611657481557701,3.764554345109736,3.162786295760014,0,1.992193448207404,0
0,0,0,3.169004290969799,0,0,2.775909613485616,0,2.704089631943083,2.759553675615057,0,0,4.799931137862242,0,4.318790552417775,1.516107833394085,0,3.985425287373718,0,0,0,0,1.723744271729322,0,0,2.896808415680137,0,0,3.905211044523207,0.4069370464784555,0,0,3.283787076110544,0,0,2.55552951800681,2.411034623703955,0,0,0
0,2.502095961288607,0,0,4.072890870181602,0,3.834838013756392,3.137045819935476,0,0,0,4.467262105419222,2.413402759458386,4.659749669430032,0,0.3034519371669303,1.537479687830199,0,0.0249160257162484,4.989492385248917,0,0,0,2.564033223295446,2.954711794267574,4.012078467589593,0,2.801537110155887,4.097207212943612,1.080660547622621,0,1.435285388503689,1.611657481557701,0,0,0,0,1.628338020230131,0,0
0,1.647048455584824,0,4.751842007574499,0,2.378275188992481,0,1.092688705572942,3.61184734189229,0,3.232513552916212,1.460259389290135,2.247132958630985,0,0,0,4.152803548215355,0,0,4.111160437650426,4.001717482188452,2.882498988834613,4.702530450503789,0,0,3.419218436068444,0,0,0,4.374201894791615,0.3142639324224938,2.903167998447152,3.764554345109736,2.55552951800681,0,0,2.302241016494438,1.365444112868141,4.992966941379688,1.086739943512803
4.41719351176862,2.030077012503343,0.637334180076875,3.761670300757057,0.2024580782958546,0.6809730482246584,0,2.3868139713242,0,0,0,0,2.836752492920434,0,0,3.822833909395038,1.107263954373089,0,1.609654463418615,2.428064145945724,3.298237645576962,0.5442310018404095,0,2.902347779371282,0,0,0,4.872369217395083,0,0,4.047489991982053,0,3.162786295760014,2.411034623703955,0,2.302241016494438,0,0,0,3.996618983762052
3.552136539318539,4.328516048064494,0,0.1445103283254978,0,2.509335435190181,4.378620012823148,1.14998115442065,0,2.68906263588773,3.53367443070538,0,0,0,0.2893631240823707,0.03423044730484603,0.4990014563872658,0,0,4.137872073840535,0.1637541293030992,0,1.412556328899417,4.523855054993028,0,1.229360861140446,3.729646863136677,2.416400097268232,2.197129185118368,0,0,0,0,0,1.628338020230131,1.365444112868141,0,0,1.375064869688238,0
2.502003877575905,4.319824560300622,4.624911256664589,0,4.917484621082895,0,0,0,0,0,2.959171028394613,0,0,0,0,3.571988304070344,0,4.944717098319498,4.749938542425373,0,1.653345091124476,0,0.6216123972202348,4.600167694025219,0,3.853808726678722,0,0,2.903092167265032,2.535436531893632,2.722073548807971,4.560227221395047,1.992193448207404,0,0,4.992966941379688,0,1.375064869688238,0,0
0,0,0,1.290815117491905,0,0.3735405744940501,0,0.6858051809409921,0,0.09301320965665716,0,4.664560550198536,1.503284744013976,0,0,0,0,2.801595043551779,0.355826300423418,4.682096326101074,1.830505947866055,0,0,0,0,1.068471115667814,0,0,0,0,2.504493082684745,0,0,0,0,1.086739943512803,3.996618983762052,0,0,0
