5
35
0.2295462017254154
0.2453743151488494
0.1616016200536343
0.2152146346730502
0.1482632283990507
0,0,3.885732200700367,3.557782134956158,3.645901110607859,0,0.1096491140398936,0,3.84167573529873,0,0,0,0,2.866532731662892,4.530258677877551,1.69267325070838,0,3.29058090611692,0,0,0,0,4.249469106198182,0,0,0,0,3.204645621976315,0,0,0,0,0,0,2.785334148405958
0,0,0,0,4.666145558867727,0,0.750483613313167,0,0,0,3.819218822697921,0,0,0,0.0642287343688136,2.42615228474885,0,0,0,0,2.377892208166102,0,1.466473214835657,2.520640902989184,0,0,0,3.447175504620854,0.922170578496771,4.425207510206256,0,4.949327175756582,1.04261186946715,0,0.2610431664692608
3.885732200700367,0,0,0,1.79638980725106,1.708385018198236,0,2.949087448023715,3.056650733189757,2.878634742268606,0,0,0,4.488856127660012,3.856517144293154,1.312287324520144,0,1.500092913702189,4.594632683562084,2.212484762990615,4.726410045933197,4.41201397965867,1.708824416186551,0,0,0.4918097527286519,0,4.317292457335546,0.6673749529214829,0,1.369171507721342,0,0,2.112656941342414,0.1131399337795336
3.557782134956158,0,0,0,4.619781678625719,0,3.92013923134358,2.32399006436883,4.431957354441475,0,0,0.7647639499092157,0,0,4.853494865880601,0,0,1.629988349858368,2.791492457654531,0.3448892310542917,4.737191313143609,0,0,3.201049230824549,0,1.906445040136686,0,3.511554591793183,3.054603401396772,1.244733374066779,0,0,0,4.52141245816606,0
3.645901110607859,4.666145558867727,1.79638980725106,4.619781678625719,0,3.172308483852203,0,2.557645460997129,0,0,0,1.097355722249521,4.751976675659528,0.5733421659142068,1.081136646381158,3.21224632790045,0,0,0,0.6150850842872668,0,0.1702859224060771,0.3869502351646276,0,0,4.433503814197875,0.6543827388005896,0,0,4.793567979449456,0,0,0,4.484145036321904,0
0,0,1.708385018198236,0,3.172308483852203,0,2.182759488711529,0,0,0,0,0,4.200819686946938,1.893960375309893,0.7646058939237388,0,0,0.962900434032628,0,0,0.3102124625476443,2.253070361437179,0,0,2.058451131257065,0,0,0,0,4.871906615168516,0,0.7149527704457226,0,0,0
0.1096491140398936,0.750483613313167,0,3.92013923134358,0,2.182759488711529,0,4.404195637298688,2.995712546542967,0.7759933313431278,0,0,0,0,0,1.237730012567322,2.663917188484743,3.865574061361893,0,1.552346777535011,0,1.299945581612361,0,0,0,4.199182113999055,3.158111891748315,0,0,0,3.125100009180039,0,3.204585175698695,4.128104059444066,0
0,0,2.949087448023715,2.32399006436883,2.557645460997129,0,4.404195637298688,0,0,0,3.111524923575619,0,0,0,0,0.07228373558145818,0.6735101431318513,2.861374650892885,0,0,0.8273529768411664,4.776848826387782,0,0,0,2.351856676155013,0,0,0,2.982258709860186,0,0,0,0,0
3.84167573529873,0,3.056650733189757,4.431957354441475,0,0,2.995712546542967,0,0,0.005044392535062392,0,3.126212993901054,0.03831222750202035,0,3.917097152196394,0,0,2.738213711366381,1.991359972625648,0,0,4.852275436359132,0,0.6600543720448782,0.3107352580868394,0,4.152798693676521,0,1.835545219270999,1.730701008487258,1.935321570719565,3.20038644572713,0,3.051751310564716,0
0,0,2.878634742268606,0,0,0,0.7759933313431278,0,0.005044392535062392,0,3.65639352662873,0,2.701075435214532,0,3.031778600660675,0,2.735305529891031,0,1.490664255920083,0,0,0.8443998567212618,0,0,0,0.9493123890123512,0,0,0.3811902377371656,0,1.007921636226247,1.618945769988818,0,0,4.08588207612169
0,3.819218822697921,0,0,0,0,0,3.111524923575619,0,3.65639352662873,0,4.863024660883603,0,3.899734552144741,0,0,0,3.629348790739511,1.363406134270712,3.320091129057157,0,0,0,0.5983247055147733,0,0.1584383100095388,0,0,0,0,0,2.787515265545337,0.7953641126286864,0,4.637427664460583
0,0,0,0.7647639499092157,1.097355722249521,0,0,0,3.126212993901054,0,4.863024660883603,0,0,0,0,1.965517173028445,1.021084606970881,0,0,0,4.029738301593488,0,1.331107187835797,2.164526640593843,0.668572541830843,2.534302556212706,3.423444002098507,2.178315399187642,0,0,0.1975315212581441,2.781824875468457,0,2.29033469000459,3.786365814919094
0,0,0,0,4.751976675659528,4.200819686946938,0,0,0.03831222750202035,2.701075435214532,0,0,0,0,0,3.659750645799898,1.401985028447716,2.735479798382735,0,0,0,0,2.887900306347223,0,2.295111970392596,1.926760525876024,1.437920276246569,0,3.187613196699988,4.52765674034301,0.7702916375843116,0,0,2.308320534673331,1.590828582698917
2.866532731662892,0,4.488856127660012,0,0.5733421659142068,1.893960375309893,0,0,0,0,3.899734552144741,0,0,0,1.179474600482624,3.292267279780114,4.013313002726479,1.636959394402748,0,0,0,0,0.6949444484986994,0,2.813179162596164,0,0,0,3.605781549588563,2.974309591343203,0,0,0,0,0
4.530258677877551,0.0642287343688136,3.856517144293154,4.853494865880601,1.081136646381158,0.7646058939237388,0,0,3.917097152196394,3.031778600660675,0,0,0,1.179474600482624,0,0,0,4.030520937245849,0,0,0.863781471490786,4.005550494958953,3.878128615739422,0,0,0,0.9365911905661928,0,0,2.585492487044454,0,3.335951987206602,2.992813820199612,2.181885533407605,1.145114733964939
1.69267325070838,2.42615228474885,1.312287324520144,0,3.21224632790045,0,1.237730012567322,0.07228373558145818,0,0,0,1.965517173028445,3.659750645799898,3.292267279780114,0,0,2.556926160300409,1.730548954480218,0,4.108950696595219,0,3.900967396157584,0,0.07192700284532672,2.955340874732552,4.633103012418699,1.877093918233265,0,1.582388933835412,3.147315655208627,3.36997461018919,1.527729012994888,0,0,0
0,0,0,0,0,0,2.663917188484743,0.6735101431318513,0,2.735305529891031,0,1.021084606970881,1.401985028447716,4.013313002726479,0,2.556926160300409,0,3.20173456242293,0,0,0,0,3.750579004081782,1.923930613566114,1.06845745411444,0,2.704736121060711,0,4.869119133008908,0,0,1.40132612116432,2.223124855231284,1.993744867385904,0
3.29058090611692,0,1.500092913702189,1.629988349858368,0,0.962900434032628,3.865574061361893,2.861374650892885,2.738213711366381,0,3.629348790739511,0,2.735479798382735,1.636959394402748,4.030520937245849,1.730548954480218,3.20173456242293,0,3.926875555190588,0,0.5491984007034451,0,0,0,0,0,0.7062207921632002,0,0,3.949231842325494,0,1.251647632626517,4.834745522127749,2.602381263869373,2.835989369154015
0,0,4.594632683562084,2.791492457654531,0,0,0,0,1.991359972625648,1.490664255920083,1.363406134270712,0,0,0,0,0,0,3.926875555190588,0,0,0.4066025142842206,0,0,4.253245997978958,3.984791421629921,0,0,0,1.468529971961852,1.729486904584068,0,0,1.633393083073315,4.658819542084486,1.897115784221227
0,0,2.212484762990615,0.3448892310542917,0.6150850842872668,0,1.552346777535011,0,0,0,3.320091129057157,0,0,0,0,4.108950696595219,0,0,0,0,0,0,0.1527738785024674,2.789324806614908,0,0,0,0,0,0,2.157968233810604,0,0,1.00474178682896,2.973950711243243
0,2.377892208166102,4.726410045933197,4.737191313143609,0,0.3102124625476443,0,0.8273529768411664,0,0,0,4.029738301593488,0,0,0.863781471490786,0,0,0.5491984007034451,0.4066025142842206,0,0,3.112213209837864,0,2.995534591827132,0.1616416910348484,0,1.447699093898614,3.507481950769897,0,4.815672051150075,2.686607067180419,2.170206472758445,1.877918874829891,0,0.7297299020985815
0,0,4.41201397965867,0,0.1702859224060771,2.253070361437179,1.299945581612361,4.776848826387782,4.852275436359132,0.8443998567212618,0,0,0,0,4.005550494958953,3.900967396157584,0,0,0,0,3.112213209837864,0,1.233505405677779,1.175284175229768,4.758033130851583,1.4866096890455,1.511187128974941,0,4.33580935889181,0.3880769260816003,0,0,0,0,1.258109121545821
4.249469106198182,1.466473214835657,1.708824416186551,0,0.3869502351646276,0,0,0,0,0,0,1.331107187835797,2.887900306347223,0.6949444484986994,3.878128615739422,0,3.750579004081782,0,0,0.1527738785024674,0,1.233505405677779,0,2.822369608913478,0,2.639506503542193,2.043549962217725,0,0,1.852377598896581,0,2.438318036051859,2.578386248037523,1.157899190256517,0
0,2.520640902989184,0,3.201049230824549,0,0,0,0,0.6600543720448782,0,0.5983247055147733,2.164526640593843,0,0,0,0.07192700284532672,1.923930613566114,0,4.253245997978958,2.789324806614908,2.995534591827132,1.175284175229768,2.822369608913478,0,0,0.5225976497531698,0.2957665203766713,3.897382534241105,3.097843062514851,0,0,0,0,1.661992809577182,0
0,0,0,0,0,2.058451131257065,0,0,0.3107352580868394,0,0,0.668572541830843,2.295111970392596,2.813179162596164,0,2.955340874732552,1.06845745411444,0,3.984791421629921,0,0.1616416910348484,4.758033130851583,0,0,0,2.083828508759279,2.99050158570744,0.3184325152568135,0.4918926519243744,1.855818993830722,3.546204767667836,0,0,4.992126457531985,0
0,0,0.4918097527286519,1.906445040136686,4.433503814197875,0,4.199182113999055,2.351856676155013,0,0.9493123890123512,0.1584383100095388,2.534302556212706,1.926760525876024,0,0,4.633103012418699,0,0,0,0,0,1.4866096890455,2.639506503542193,0.5225976497531698,2.083828508759279,0,0,2.608606243911375,0,0,2.562816923901996,0,1.143823862748162,1.367981104473965,3.137575234507121
0,0,0,0,0.6543827388005896,0,3.158111891748315,0,4.152798693676521,0,0,3.423444002098507,1.437920276246569,0,0.9365911905661928,1.877093918233265,2.704736121060711,0.7062207921632002,0,0,1.447699093898614,1.511187128974941,2.043549962217725,0.2957665203766713,2.99050158570744,0,0,0,1.156836102896533,0.4939001793675157,0,0,4.119814714230098,4.706502655742078,4.785550825893299
3.204645621976315,3.447175504620854,4.317292457335546,3.511554591793183,0,0,0,0,0,0,0,2.178315399187642,0,0,0,0,0,0,0,0,3.507481950769897,0,0,3.897382534241105,0.3184325152568135,2.608606243911375,0,0,0,4.064719848362758,1.920815844114154,0,1.224402648715814,1.351598060232122,3.168655555218208
0,0.922170578496771,0.6673749529214829,3.054603401396772,0,0,0,0,1.835545219270999,0.3811902377371656,0,0,3.187613196699988,3.605781549588563,0,1.582388933835412,4.869119133008908,0,1.468529971961852,0,0,4.33580935889181,0,3.097843062514851,0.4918926519243744,0,1.156836102896533,0,0,0,0,0,1.834699760233241,0,3.109769707722513
0,4.425207510206256,0,1.244733374066779,4.793567979449456,4.871906615168516,0,2.982258709860186,1.730701008487258,0,0,0,4.52765674034301,2.974309591343203,2.585492487044454,3.147315655208627,0,3.949231842325494,1.729486904584068,0,4.815672051150075,0.3880769260816003,1.852377598896581,0,1.855818993830722,0,0.4939001793675157,4.064719848362758,0,0,4.833779377498655,0,0,0,0
0,0,1.369171507721342,0,0,0,3.125100009180039,0,1.935321570719565,1.007921636226247,0,0.1975315212581441,0.7702916375843116,0,0,3.36997461018919,0,0,0,2.157968233810604,2.686607067180419,0,0,0,3.546204767667836,2.562816923901996,0,1.920815844114154,0,4.833779377498655,0,0,0,0,0
0,4.949327175756582,0,0,0,0.7149527704457226,0,0,3.20038644572713,1.618945769988818,2.787515265545337,2.781824875468457,0,0,3.335951987206602,1.527729012994888,1.40132612116432,1.251647632626517,0,0,2.170206472758445,0,2.438318036051859,0,0,0,0,0,0,0,0,0,2.081659295108687,0,0
0,1.04261186946715,0,0,0,0,3.204585175698695,0,0,0,0.7953641126286864,0,0,0,2.992813820199612,0,2.223124855231284,4.834745522127749,1.633393083073315,0,1.877918874829891,0,2.578386248037523,0,0,1.143823862748162,4.119814714230098,1.224402648715814,1.834699760233241,0,0,2.081659295108687,0,0,4.934243749927816
0,0,2.112656941342414,4.52141245816606,4.484145036321904,0,4.128104059444066,0,3.051751310564716,0,0,2.29033469000459,2.308320534673331,0,2.181885533407605,0,1.993744867385904,2.602381263869373,4.658819542084486,1.00474178682896,0,0,1.157899190256517,1.661992809577182,4.992126457531985,1.367981104473965,4.706502655742078,1.351598060232122,0,0,0,0,0,0,0.1989823478481961
2.785334148405958,0.2610431664692608,0.1131399337795336,0,0,0,0,0,0,4.08588207612169,4.637427664460583,3.786365814919094,1.590828582698917,0,1.145114733964939,0,0,2.835989369154015,1.897115784221227,2.973950711243243,0.7297299020985815,1.258109121545821,0,0,0,3.137575234507121,4.785550825893299,3.168655555218208,3.109769707722513,0,0,0,4.934243749927816,0.1989823478481961,0
0,0.8051045229236886,0,0,0,2.586272012754616,0,0.8960475039561583,0,4.547324032536395,0.6304941374129081,0.6943241857046734,3.442007488464241,0,0,0,2.376175787461384,0,1.146531257328858,0.07954169404742473,4.311696057396623,0.5396762650887177,0,0.02196306291087691,3.73091118828872,0.8474221442201119,3.707512286054452,0,4.266855032265654,1.073048531383207,2.461565654878533,1.297005804262679,3.022392288897062,2.214520337554995,0
0.8051045229236886,0,0.5520402447847922,0.06377781418070827,0,1.804640100237945,0,2.135311738798476,0.02514441650560528,4.985684476743429,0,0.5212649880095865,1.29923333827561,2.834354563803228,0,0,0.7052848429973008,0.5622568967534902,2.132521256681772,4.888845788511169,0,4.798225984968976,0,0,1.414926881070544,1.912570959266986,1.915100520323516,0,0,0,0.5907762257684102,0,0,4.86672353360435,0
0,0.5520402447847922,0,3.966458499506628,0,0,2.30273730544393,0,0,0,2.498629868106723,1.467777972087202,4.800699879431271,0,0,0,0.6680195522488702,0,0,0,0,0,0,1.714018507596964,3.247087254806831,0,3.820354456181636,0,0,1.012924904359633,0,3.006255719559061,2.526462261029156,0,0
0,0.06377781418070827,3.966458499506628,0,0,1.833982344986877,0,0,0,4.17579819011518,3.641212115767689,0,2.553168025682391,2.241696903509597,0,0.3927410317725633,4.825026529217792,0,0,0,0,3.55227846490244,2.652295246172102,0,1.225653775920983,0,2.102787574186962,0,0,0,1.601385441849808,4.238712459571793,1.604739305685654,0,4.91518111038478
0,0,0,0,0,0,2.670068757258655,0,2.828738234219737,4.733667355576878,0.7370849416908526,0,0,0,0,0,1.227710721936491,2.394273720255307,2.233870637963,0,1.642679017139487,0,0,4.233029735346055,2.032368394573957,0,0,4.527313748654018,1.887460866075147,0,0.8345329606218765,3.404094613639825,4.453439366992739,0,4.141984741653973
2.586272012754616,1.804640100237945,0,1.833982344986877,0,0,0,1.31044481404391,1.294912102606496,0.06502062133613928,4.606682073909267,2.774894257437745,0,0,0,1.581874081196096,2.88225660728124,0,0.3035255211198273,3.913644713759414,0,0,4.280554167390578,1.445752465880993,0,1.716041102546766,2.455568741538905,3.903605154451806,4.893304643657846,0,0.7398241519288007,0,4.65124081569022,1.469793871069209,3.119613220103479
0,0,2.30273730544393,0,2.670068757258655,0,0,0,0,0,0.9744668362494785,2.497408889102283,2.162557836062099,4.180029123016769,4.687253800162015,0,0,0,3.670460467380632,0,4.718044685194206,0,2.557911216901672,0.4829711830095773,1.925726753529666,0,0,1.350927318072801,0.1630772465145147,1.916239606700073,0,4.472559427224986,0,0,4.726864789927293
0.8960475039561583,2.135311738798476,0,0,0,1.31044481404391,0,0,0.4293446656021743,2.477700148629687,0,1.403655170400995,1.448180429390699,0.6450652156137243,0.627301783200151,0,0,0,2.098683049890269,0.2591335445200371,0,0,4.30281057362332,4.600213950590909,2.23944821793855,0,0.5701421783903543,1.03403263510458,4.209220865324451,0,4.594617160052762,0.583803755207577,2.344760524779697,0.9188710133291766,0.9027412683292135
0,0.02514441650560528,0,0,2.828738234219737,1.294912102606496,0,0.4293446656021743,0,0,3.400209728141492,0,0,2.54555187223292,0,2.93232040369514,2.675406328588902,0,0,2.611751730272877,3.547226457519728,0,1.201135595618565,0,0,0.4324084853973331,0,4.69084701876752,0,0,0,0,1.349972118103333,0,0.5580885637660404
4.547324032536395,4.985684476743429,0,4.17579819011518,4.733667355576878,0.06502062133613928,0,2.477700148629687,0,0,0,2.261158936077492,0,1.044528709947143,0,4.150271063034403,0,0.9722054712611589,0,2.352590963729976,3.990850920686688,0,2.385671757538545,1.826919896451289,1.504783713166545,0,0.01802652253672266,0.616179231389366,0,1.36965112111138,0,0,2.660652803079171,4.315673801260137,0
0.6304941374129081,0,2.498629868106723,3.641212115767689,0.7370849416908526,4.606682073909267,0.9744668362494785,0,3.400209728141492,0,0,0,1.691180827745275,0,2.462558881325855,3.843864379595155,3.243182995570924,0,0,0,4.14554709109616,0.6532579867899757,2.578394787271159,0,4.851444955560613,0,0.7207940497321935,1.524404147532521,0.8147498250930219,4.088385133471716,2.112840418386029,0,0,3.421013916374256,0
0.6943241857046734,0.5212649880095865,1.467777972087202,0,0,2.774894257437745,2.497408889102283,1.403655170400995,0,2.261158936077492,0,0,1.441193167123422,0.3426807230803391,1.23943003811439,0,0,4.57371040014973,0.5993174556611136,4.833026226659928,0,4.72128485290719,0,0,0,0,0,0,4.077781848420559,0.4899458242315519,0,0,3.445623555670897,0,0
3.442007488464241,1.29923333827561,4.800699879431271,2.553168025682391,0,0,2.162557836062099,1.448180429390699,0,0,1.691180827745275,1.441193167123422,0,1.78694096483872,2.900032152759394,0,0,0,3.940565920244962,0.2257593802024238,0.777306451644858,2.764643542856082,0,0.534363901194429,0,0,0,2.252640474342666,0,0,0,4.685456839801542,1.884999186415576,0,0
0,2.834354563803228,0,2.241696903509597,0,0,4.180029123016769,0.6450652156137243,2.54555187223292,1.044528709947143,0,0.3426807230803391,1.78694096483872,0,0,0,0,0,3.7317596017256,2.550414274257726,1.059179718079439,0.3253810020868231,0,4.848825904540772,0,2.708031924525593,2.324322330368515,2.742191808894566,0,0,2.24400530289645,3.980845589655363,0.1560022647588666,4.644396003550479,2.325351643717962
0,0,0,0,0,0,4.687253800162015,0.627301783200151,0,0,2.462558881325855,1.23943003811439,2.900032152759394,0,0,3.746418586657348,4.594752841541268,0,0.9521805159394831,0.1475760386195213,0,0,0,2.7734586081359,0.947066871110312,1.366150275778795,0,1.275582275251913,0.03970148542394469,0,0.7469795413717722,0,0,0,0
0,0,0,0.3927410317725633,0,1.581874081196096,0,0,2.93232040369514,4.150271063034403,3.843864379595155,0,0,0,3.746418586657348,0,0,0,2.068097265926394,0,0.2719080843317478,0,0.7206439980380641,0,0,0,0,0.5583918700738438,0,0,0,0,3.535141249288051,4.305358149296669,4.797941881468011
2.376175787461384,0.7052848429973008,0.6680195522488702,4.825026529217792,1.227710721936491,2.88225660728124,0,0,2.675406328588902,0,3.243182995570924,0,0,0,4.594752841541268,0,0,0,1.868188377616095,1.531980526722445,0.9601401144553873,1.593068667593189,0,0,0,2.053223061300408,0,0.9900868166497073,0,1.218419651046709,1.741842011159322,0,0,0,2.556671927619171
0,0.5622568967534902,0,0,2.394273720255307,0,0,0,0,0.9722054712611589,0,4.57371040014973,0,0,0,0,0,0,0,2.329541767246828,0,4.857963770837138,0.1860076637554753,2.611106510437409,0.2886964889836868,0.4656349490589046,0,4.413130617468934,0.4965435812108887,0,2.666271799928015,0,0,0,0
1.146531257328858,2.132521256681772,0,0,2.233870637963,0.3035255211198273,3.670460467380632,2.098683049890269,0,0,0,0.5993174556611136,3.940565920244962,3.7317596017256,0.9521805159394831,2.068097265926394,1.868188377616095,0,0,0.6593266836559925,0,0.1369942554079578,1.91138674421931,0,0,1.406554101853783,4.76590837949926,1.775913087243132,0,0,0.8018219093491502,4.219702879267953,0,0,0
0.07954169404742473,4.888845788511169,0,0,0,3.913644713759414,0,0.2591335445200371,2.611751730272877,2.352590963729976,0,4.833026226659928,0.2257593802024238,2.550414274257726,0.1475760386195213,0,1.531980526722445,2.329541767246828,0.6593266836559925,0,0.3425334297363841,2.118650005052625,0,0,0.1710870664629477,0.2813680787119632,1.477100516098056,4.721806310810346,4.596620769071636,1.091128084964345,0,4.58106039058614,0.2013903833877928,0,0
4.311696057396623,0,0,0,1.642679017139487,0,4.718044685194206,0,3.547226457519728,3.990850920686688,4.14554709109616,0,0.777306451644858,1.059179718079439,0,0.2719080843317478,0.9601401144553873,0,0,0.3425334297363841,0,0,0.5198562926137512,0,0,4.210990761703052,0,0,3.74504667522791,0,0,0,0,4.064078254275136,0
0.5396762650887177,4.798225984968976,0,3.55227846490244,0,0,0,0,0,0,0.6532579867899757,4.72128485290719,2.764643542856082,0.3253810020868231,0,0,1.593068667593189,4.857963770837138,0.1369942554079578,2.118650005052625,0,0,0,0,0,0,0,1.798719470320192,0,0,1.408479403971998,2.706499196940072,3.68004683077559,3.766041729752834,0
0,0,0,2.652295246172102,0,4.280554167390578,2.557911216901672,4.30281057362332,1.201135595618565,2.385671757538545,2.578394787271159,0,0,0,0,0.7206439980380641,0,0.1860076637554753,1.91138674421931,0,0.5198562926137512,0,0,0,0.3446072383085219,0,0,4.596404849923166,1.304216759910412,0,3.423813140550684,0,0,0,4.543486633222065
0.02196306291087691,0,1.714018507596964,0,4.233029735346055,1.445752465880993,0.4829711830095773,4.600213950590909,0,1.826919896451289,0,0,0.534363901194429,4.848825904540772,2.7734586081359,0,0,2.611106510437409,0,0,0,0,0,0,0.4366776195350269,0,0,0,0,3.240028474762013,2.985303943051754,1.477109197429773,1.738151628464205,0,1.233210620291566
3.73091118828872,1.414926881070544,3.247087254806831,1.225653775920983,2.032368394573957,0,1.925726753529666,2.23944821793855,0,1.504783713166545,4.851444955560613,0,0,0,0.947066871110312,0,0,0.2886964889836868,0,0.1710870664629477,0,0,0.3446072383085219,0.4366776195350269,0,0,0,0,0,0,0,0.8703043007393596,2.989701845535688,0,3.076028982966386
0.8474221442201119,1.912570959266986,0,0,0,1.716041102546766,0,0,0.4324084853973331,0,0,0,0,2.708031924525593,1.366150275778795,0,2.053223061300408,0.4656349490589046,1.406554101853783,0.2813680787119632,4.210990761703052,0,0,0,0,0,1.629375470966323,0,1.207773850429645,1.17211748196965,0,3.241603106328297,0,0,0
3.707512286054452,1.915100520323516,3.820354456181636,2.102787574186962,0,2.455568741538905,0,0.5701421783903543,0,0.01802652253672266,0.7207940497321935,0,0,2.324322330368515,0,0,0,0,4.76590837949926,1.477100516098056,0,0,0,0,0,1.629375470966323,0,1.927210799871522,0,0,0.1669453869320009,0.451080665600932,0,0,0
0,0,0,0,4.527313748654018,3.903605154451806,1.350927318072801,1.03403263510458,4.69084701876752,0.616179231389366,1.524404147532521,0,2.252640474342666,2.742191808894566,1.275582275251913,0.5583918700738438,0.9900868166497073,4.413130617468934,1.775913087243132,4.721806310810346,0,1.798719470320192,4.596404849923166,0,0,0,1.927210799871522,0,2.822899296537533,0,0,4.460744834459747,0,0,0
4.266855032265654,0,0,0,1.887460866075147,4.893304643657846,0.1630772465145147,4.209220865324451,0,0,0.8147498250930219,4.077781848420559,0,0,0.03970148542394469,0,0,0.4965435812108887,0,4.596620769071636,3.74504667522791,0,1.304216759910412,0,0,1.207773850429645,0,2.822899296537533,0,1.042570133591723,1.088449494718907,2.462663931325744,0,0.1934539278377168,0
1.073048531383207,0,1.012924904359633,0,0,0,1.916239606700073,0,0,1.36965112111138,4.088385133471716,0.4899458242315519,0,0,0,0,1.218419651046709,0,0,1.091128084964345,0,0,0,3.240028474762013,0,1.17211748196965,0,0,1.042570133591723,0,0,1.918575898772065,0.03955418786713072,4.548012659306172,2.923681759617247
2.461565654878533,0.5907762257684102,0,1.601385441849808,0.8345329606218765,0.7398241519288007,0,4.594617160052762,0,0,2.112840418386029,0,0,2.24400530289645,0.7469795413717722,0,1.741842011159322,2.666271799928015,0.8018219093491502,0,0,1.408479403971998,3.423813140550684,2.985303943051754,0,0,0.1669453869320009,0,1.088449494718907,0,0,2.732420624720073,3.020531431957343,3.68614400612536,2.684802083596443
1.297005804262679,0,3.006255719559061,4.238712459571793,3.404094613639825,0,4.472559427224986,0.583803755207577,0,0,0,0,4.685456839801542,3.980845589655363,0,0,0,0,4.219702879267953,4.58106039058614,0,2.706499196940072,0,1.477109197429773,0.8703043007393596,3.241603106328297,0.451080665600932,4.460744834459747,2.462663931325744,1.918575898772065,2.732420624720073,0,0,4.464773962452226,3.772406794746255
3.022392288897062,0,2.526462261029156,1.604739305685654,4.453439366992739,4.65124081569022,0,2.344760524779697,1.349972118103333,2.660652803079171,0,3.445623555670897,1.884999186415576,0.1560022647588666,0,3.535141249288051,0,0,0,0.2013903833877928,0,3.68004683077559,0,1.738151628464205,2.989701845535688,0,0,0,0,0.03955418786713072,3.020531431957343,0,0,4.958677389760372,0
2.214520337554995,4.86672353360435,0,0,0,1.469793871069209,0,0.9188710133291766,0,4.315673801260137,3.421013916374256,0,0,4.644396003550479,0,4.305358149296669,0,0,0,0,4.064078254275136,3.766041729752834,0,0,0,0,0,0,0.1934539278377168,4.548012659306172,3.68614400612536,4.464773962452226,4.958677389760372,0,0
0,0,0,4.91518111038478,4.141984741653973,3.119613220103479,4.726864789927293,0.9027412683292135,0.5580885637660404,0,0,0,0,2.325351643717962,0,4.797941881468011,2.556671927619171,0,0,0,0,0,4.543486633222065,1.233210620291566,3.076028982966386,0,0,0,0,2.923681759617247,2.684802083596443,3.772406794746255,0,0,0
0,2.16188413471836,0,0,0,4.515343743133338,0,0.826961234269753,0,0.2892645154396917,1.500583887668798,1.746597713213128,3.197851089276284,0,0,0,4.026602431127662,0,0.9111400763635102,4.787571750855916,4.482024517324557,0.8944961401113144,0,2.713037320295395,0.5874469009945354,4.418686600226048,2.239363650638231,0,1.990588234603812,3.955201619533372,4.170058275594454,1.065108836810449,4.724543231636382,0.2650002625502179,0
2.16188413471836,0,1.083236881401393,1.885796265214974,0,3.221027018833731,0,4.776860514855105,3.912578894181209,1.138265360291095,0,2.348793881464217,4.390314713533088,1.882047727250333,0,0,3.661084937058749,3.716068871004086,0.3811972117691498,0.4679827300297684,0,0.4454213275320518,0,0,1.126801228971786,4.527416084236135,4.955968737843994,0,0,0,2.052074268489185,0,0,3.11349910769259,0
0,1.083236881401393,0,1.865071624223227,0,0,3.227261867177951,0,0,0,2.19512443829607,0.5760337300901547,4.715589461053515,0,0,0,3.192728684123931,0,0,0,0,0,0,3.094032020772024,1.713603162911104,0,4.939794707989202,0,0,4.342575991005459,0,1.605942264156325,3.13790904635015,0,0
0,1.885796265214974,1.865071624223227,0,0,1.819730897703722,0,0,0,3.282439674377161,2.490851576336542,0,1.926079399398848,1.220428851309537,0,1.187994438360434,3.826424333879106,0,0,0,0,4.85122780838759,0.3704325869495806,0,0.320611158829463,0,1.419239345085753,0,0,0,0.5183606224791742,3.813305318605633,2.658242472503871,0,2.926001697612735
0,0,0,0,0,0,2.398071261441991,0,2.392293233725985,0.4954450431883256,3.887805188040097,0,0,0,0,0,0.9687367002668701,1.54058844414894,1.706055727838689,0,1.340931863339299,0,0,1.978492362910639,4.759037285262752,0,0,2.012651177985082,3.324657206000039,0,2.213885865611045,4.61598761579048,2.453354831433001,0,0.5504442386658587
4.515343743133338,3.221027018833731,0,1.819730897703722,0,0,0,2.848727499211445,0.2294250331863545,3.590339283386628,4.920078716272437,2.094360737582812,0,0,0,4.795559262649508,4.036894104516676,0,1.949135962267278,2.661988466093736,0,0,2.492227121272957,2.489340053435244,0,2.313033679836589,1.992291174559029,3.645089443414973,0.5567972127692877,0,0.7394727868579931,0,0.02359738938404909,0.1343019207630292,4.127077300368465
0,0,3.227261867177951,0,2.398071261441991,0,0,0,0,0,4.148940175520376,4.716499687301877,0.4228160049656643,1.268581761384509,0.5387928938755115,0,0,0,2.032161031800425,0,2.134698046381799,0,2.81263576694953,4.229412526107136,3.246510247286949,0,0,2.004003680861385,2.148712717165107,4.422261184523911,0,1.070829019339469,0,0,1.953976692023102
0.826961234269753,4.776860514855105,0,0,0,2.848727499211445,0,0,2.6558978639422,0.7618318320645273,0,2.061365792745375,2.497789630549008,4.729731437078573,3.761215256232018,0,0,0,2.662682721704778,4.043012593400535,0,0,4.695467576762169,1.500317200183413,3.256243316084662,0,2.212705758250896,2.773811629783694,0.6542834132297404,0,3.667872216865612,3.730207816288008,0.4363251723003447,1.49970461472449,2.611664589609274
0,3.912578894181209,0,0,2.392293233725985,0.2294250331863545,0,2.6558978639422,0,0,2.574759026734768,0,0,1.233894601606995,0,3.89021924640809,1.992200592050514,0,0,2.452165168256237,4.963099046407093,0,0.351475807388773,0,0,3.083936197811196,0,0.001630481700594655,0,0,0,0,4.219911803629551,0,0.4791186623504895
0.2892645154396917,1.138265360291095,0,3.282439674377161,0.4954450431883256,3.590339283386628,0,0.7618318320645273,0,0,0,0.3534383817930953,0,0.5816604811220083,0,2.445196662255933,0,3.734445759987506,0,1.34733776617272,1.620826192748118,0,3.267222705497426,2.925496946127062,1.919422450028273,0,1.414439526748057,3.679384931831751,0,0.660273396548452,0,0,1.23842854967345,1.903479749109176,0
1.500583887668798,0,2.19512443829607,2.490851576336542,3.887805188040097,4.920078716272437,4.148940175520376,0,2.574759026734768,0,0,0,4.639918611457873,0,4.838338742396163,1.940422410354433,3.990290315620383,0,0,0,1.33681040323285,0.2567786634015112,2.712912101573862,0,4.712631564390995,0,3.179634083040131,1.596865487684159,4.605376110511105,3.7021276764025,4.718649792147971,0,0,3.962046811741456,0
1.746597713213128,2.348793881464217,0.5760337300901547,0,0,2.094360737582812,4.716499687301877,2.061365792745375,0,0.3534383817930953,0,0,3.03089938074299,1.090216874720565,2.772126444265288,0,0,0.03451273871694749,2.594848817084307,0.3367209423597578,0,4.941700383193618,0,0,0,0,0,0,3.760563268547666,1.228380909684446,0,0,3.589406991937963,0,0
3.197851089276284,4.390314713533088,4.715589461053515,1.926079399398848,0,0,0.4228160049656643,2.497789630549008,0,0,4.639918611457873,3.03089938074299,0,3.504988948476184,4.549758050615035,0,0,0,4.348027776575154,1.203229426439687,2.51183716863514,0.7114086990862867,0,3.660748793671761,0,0,0,4.033162601816213,0,0,0,3.304775324575726,0.3364009227167797,0,0
0,1.882047727250333,0,1.220428851309537,0,0,1.268581761384509,4.729731437078573,1.233894601606995,0.5816604811220083,0,1.090216874720565,3.504988948476184,0,0,0,0,0,0.86977482055282,0.8288187195469726,4.183324701388849,2.54728062578726,0,1.933972080141146,0,1.574967122183382,0.5663559166494686,1.039223797251103,0,0,3.262886952285051,4.770434516963244,0.9363507080810257,3.363586404942642,4.766320840631248
0,0,0,0,0,0,0.5387928938755115,3.761215256232018,0,0,4.838338742396163,2.772126444265288,4.549758050615035,0,0,0.6243859956893383,3.300359542004766,0,0.1283660415913651,2.361661326243912,0,0,0,3.653236433209951,0.1448719125771586,4.713396279942815,0,1.529118039039811,3.170127695705383,0,2.173382613308005,0,0,0,0
0,0,0,1.187994438360434,0,4.795559262649508,0,0,3.89021924640809,2.445196662255933,1.940422410354433,0,0,0,0.6243859956893383,0,0,0,0.2787628077465909,0,1.300070903837474,0,3.580660100854378,0,0,0,0,4.522316172060539,0,0,0,0,4.068054916516849,3.808896271277146,3.851034945691296
4.026602431127662,3.661084937058749,3.192728684123931,3.826424333879106,0.9687367002668701,4.036894104516676,0,0,1.992200592050514,0,3.990290315620383,0,0,0,3.300359542004766,0,0,0,3.833687787969105,1.318435547131515,3.884823450321681,1.261897555198987,0,0,0,4.504816030251867,0,0.7780455064531838,0,3.41058030524755,2.431550966434817,0,0,0,4.570711651974247
0,3.716068871004086,0,0,1.54058844414894,0,0,0,0,3.734445759987506,0,0.03451273871694749,0,0,0,0,0,0,0,1.490656730945032,0,1.091356362187396,0.01667280871858912,2.838088574775941,1.982714429450598,1.595135681244766,0,2.187192730453588,4.758907788303748,0,4.020382222452509,0,0,0,0
0.9111400763635102,0.3811972117691498,0,0,1.706055727838689,1.949135962267278,2.032161031800425,2.662682721704778,0,0,0,2.594848817084307,4.348027776575154,0.86977482055282,0.1283660415913651,0.2787628077465909,3.833687787969105,0,0,4.773382924514719,0,4.925899004144439,3.464542774741974,0,0,3.551904875122158,3.66461655843096,4.401004105008398,0,0,0.7893218814005881,3.911346059731077,0,0,0
4.787571750855916,0.4679827300297684,0,0,0,2.661988466093736,0,4.043012593400535,2.452165168256237,1.34733776617272,0,0.3367209423597578,1.203229426439687,0.8288187195469726,2.361661326243912,0,1.318435547131515,1.490656730945032,4.773382924514719,0,1.026188310515819,2.723754812986174,0,0,3.549502236455981,4.273625734742216,1.830600010171781,1.751739309332275,0.450242610692802,4.835159422367071,0,4.450139936840292,2.523579817772838,0,0
4.482024517324557,0,0,0,1.340931863339299,0,2.134698046381799,0,4.963099046407093,1.620826192748118,1.33681040323285,0,2.51183716863514,4.183324701388849,0,1.300070903837474,3.884823450321681,0,0,1.026188310515819,0,0,3.646201537477424,0,0,2.784484940611471,0,0,3.783636947414691,0,0,0,0,4.518954532295827,0
0.8944961401113144,0.4454213275320518,0,4.85122780838759,0,0,0,0,0,0,0.2567786634015112,4.941700383193618,0.7114086990862867,2.54728062578726,0,0,1.261897555198987,1.091356362187396,4.925899004144439,2.723754812986174,0,0,0,0,0,0,0,0.6244978580653981,0,0,3.06938921283657,4.344844358324984,2.861521976363496,4.023695069063844,0
0,0,0,0.3704325869495806,0,2.492227121272957,2.81263576694953,4.695467576762169,0.351475807388773,3.267222705497426,2.712912101573862,0,0,0,0,3.580660100854378,0,0.01667280871858912,3.464542774741974,0,3.646201537477424,0,0,0,4.94215433678641,0,0,0.6062183868778787,2.46539653020723,0,3.170989396448522,0,0,0,3.018214261171217
2.713037320295395,0,3.094032020772024,0,1.978492362910639,2.489340053435244,4.229412526107136,1.500317200183413,0,2.925496946127062,0,0,3.660748793671761,1.933972080141146,3.653236433209951,0,0,2.838088574775941,0,0,0,0,0,0,2.69505174656712,0,0,0,0,2.698879101592342,3.273760717400966,3.110143951836703,3.588685339606635,0,2.71449728293473
0.5874469009945354,1.126801228971786,1.713603162911104,0.320611158829463,4.759037285262752,0,3.246510247286949,3.256243316084662,0,1.919422450028273,4.712631564390995,0,0,0,0.1448719125771586,0,0,1.982714429450598,0,3.549502236455981,0,0,4.94215433678641,2.69505174656712,0,0,0,0,0,0,0,0.3107597131684264,0.1150676854572047,0,0.1347224224193283
4.418686600226048,4.527416084236135,0,0,0,2.313033679836589,0,0,3.083936197811196,0,0,0,0,1.574967122183382,4.713396279942815,0,4.504816030251867,1.595135681244766,3.551904875122158,4.273625734742216,2.784484940611471,0,0,0,0,0,2.252461683236683,0,4.563600813263907,4.052952212312845,0,3.073355017082547,0,0,0
2.239363650638231,4.955968737843994,4.939794707989202,1.419239345085753,0,1.992291174559029,0,2.212705758250896,0,1.414439526748057,3.179634083040131,0,0,0.5663559166494686,0,0,0,0,3.66461655843096,1.830600010171781,0,0,0,0,0,2.252461683236683,0,4.367250495403459,0,0,4.195174959507305,4.891120170638342,0,0,0
0,0,0,0,2.012651177985082,3.645089443414973,2.004003680861385,2.773811629783694,0.001630481700594655,3.679384931831751,1.596865487684159,0,4.033162601816213,1.039223797251103,1.529118039039811,4.522316172060539,0.7780455064531838,2.187192730453588,4.401004105008398,1.751739309332275,0,0.6244978580653981,0.6062183868778787,0,0,0,4.367250495403459,0,4.968580658004816,0,0,2.029603202997367,0,0,0
1.990588234603812,0,0,0,3.324657206000039,0.5567972127692877,2.148712717165107,0.6542834132297404,0,0,4.605376110511105,3.760563268547666,0,0,3.170127695705383,0,0,4.758907788303748,0,0.450242610692802,3.783636947414691,0,2.46539653020723,0,0,4.563600813263907,0,4.968580658004816,0,4.481280960817364,4.288816434228177,0.2595124204409655,0,3.63334667747761,0
3.955201619533372,0,4.342575991005459,0,0,0,4.422261184523911,0,0,0.660273396548452,3.7021276764025,1.228380909684446,0,0,0,0,3.41058030524755,0,0,4.835159422367071,0,0,0,2.698879101592342,0,4.052952212312845,0,0,4.481280960817364,0,0,0.1528488667070865,4.595365887323104,3.889712305915865,1.724572996337036
4.170058275594454,2.052074268489185,0,0.5183606224791742,2.213885865611045,0.7394727868579931,0,3.667872216865612,0,0,4.718649792147971,0,0,3.262886952285051,2.173382613308005,0,2.431550966434817,4.020382222452509,0.7893218814005881,0,0,3.06938921283657,3.170989396448522,3.273760717400966,0,0,4.195174959507305,0,4.288816434228177,0,0,2.754138809106343,4.631048784917589,0.9061125132714148,3.845357164872464
1.065108836810449,0,1.605942264156325,3.813305318605633,4.61598761579048,0,1.070829019339469,3.730207816288008,0,0,0,0,3.304775324575726,4.770434516963244,0,0,0,0,3.911346059731077,4.450139936840292,0,4.344844358324984,0,3.110143951836703,0.3107597131684264,3.073355017082547,4.891120170638342,2.029603202997367,0.2595124204409655,0.1528488667070865,2.754138809106343,0,0,0.129266532945066,0.8489922168915082
4.724543231636382,0,3.13790904635015,2.658242472503871,2.453354831433001,0.02359738938404909,0,0.4363251723003447,4.219911803629551,1.23842854967345,0,3.589406991937963,0.3364009227167797,0.9363507080810257,0,4.068054916516849,0,0,0,2.523579817772838,0,2.861521976363496,0,3.588685339606635,0.1150676854572047,0,0,0,0,4.595365887323104,4.631048784917589,0,0,0.6409067861872442,0
0.2650002625502179,3.11349910769259,0,0,0,0.1343019207630292,0,1.49970461472449,0,1.903479749109176,3.962046811741456,0,0,3.363586404942642,0,3.808896271277146,0,0,0,0,4.518954532295827,4.023695069063844,0,0,0,0,0,0,3.63334667747761,3.889712305915865,0.9061125132714148,0.129266532945066,0.6409067861872442,0,0
0,0,0,2.926001697612735,0.5504442386658587,4.127077300368465,1.953976692023102,2.611664589609274,0.4791186623504895,0,0,0,0,4.766320840631248,0,3.851034945691296,4.570711651974247,0,0,0,0,0,3.018214261171217,2.71449728293473,0.1347224224193283,0,0,0,0,1.724572996337036,3.845357164872464,0.8489922168915082,0,0,0
0,2.525430421777609,0,0,0,1.090963210654565,0,0.9080173358105276,0,2.183759641214476,0.01061012416605278,0.7567028024873895,3.646608631217838,0,0,0,2.653890704874029,0,0.8317625386822514,0.1284614268511397,0.9450527770558043,3.732757135660181,0,4.306740882082823,2.545111284182471,1.939314473145574,3.548194289153596,0,0.5774690437385455,3.273441570881887,0.6567684267167478,2.611573908419133,2.452211075692452,0.4391092207870811,0
2.525430421777609,0,4.055101078082296,0.8390584448879934,0,0.3397365104684114,0,3.621235167600419,4.634297866927544,4.597711030972324,0,1.095309454455868,0.9413380841461527,1.062741897199341,0,0,3.455334579917134,3.192706856697104,1.452933267289644,3.308674722089717,0,3.988712299235257,0,0,1.656448213127946,4.826288744848633,1.434136423796061,0,0,0,0.6011429499532489,0,0,0.3176894627868432,0
0,4.055101078082296,0,4.160273526882709,0,0,2.567604206337572,0,0,0,0.7452854162284406,1.875458154939931,0.5634974619036376,0,0,0,1.92471547483937,0,0,0,0,0,0,2.265105810459478,2.466496277874424,0,0.6266239570779664,0,0,3.755786609498047,0,1.421465372281561,3.596319634112052,0,0
0,0.8390584448879934,4.160273526882709,0,0,0.7568683291322559,0,0,0,4.919584882482376,4.249141474796368,0,1.552982268582064,4.016925429984526,0,4.087854406343514,2.872667950869986,0,0,0,0,4.992133946709355,1.559104519578629,0,1.31574159676888,0,0.2409057200535142,0,0,0,2.677824472563242,4.035068873099256,4.365969788049196,0,4.203182587976245
0,0,0,0,0,0,3.968330415129681,0,1.602564220740193,2.555144620791772,1.9952561655339,0,0,0,0,0,0.454352890740104,3.722222238138144,4.195709025699429,0,2.751195519042536,0,0,0.8460763265734211,4.559925104574162,0,0,1.078806260862565,3.960951322220815,0,3.164967841811737,0.7641707112622903,4.029117547084304,0,1.396136672782005
1.090963210654565,0.3397365104684114,0,0.7568683291322559,0,0,0,1.797765224529786,1.232358020489803,1.955594060673821,4.917104364116981,0.6356125329601064,0,0,0,2.49336994621006,3.274840307592922,0,1.499829271307183,1.266761709106257,0,0,0.24392252018064,4.092173079884757,0,1.839118338998324,2.38742104498993,3.828253080043332,1.980384706047284,0,3.524120495533441,0,3.250202907113567,0.4665358144839854,0.1751129254445621
0,0,2.567604206337572,0,3.968330415129681,0,0,0,0,0,1.69037429514731,1.448862081837823,3.583382062964904,2.672125083951598,4.499907173644374,0,0,0,3.020893728010341,0,0.1656422058504459,0,3.423968820717638,4.546978074280118,3.814267398761724,0,0,2.771272962068269,0.1863113973701064,1.275088046655766,0,0.01929579430360318,0,0,4.006600323558324
0.9080173358105276,3.621235167600419,0,0,0,1.797765224529786,0,0,4.442832610702833,1.153840779047482,0,1.811028567070645,3.917951940890116,4.432059246214329,4.135259547280791,0,0,0,4.62852196014008,1.674522896888432,0,0,3.400969822240258,0.3669547334689632,0.8475093530747257,0,3.297739440807763,4.396392422559593,0.9457696692599432,0,1.505734760504242,4.048945535470957,4.143587130800362,2.055924453444313,1.48085911643003
0,4.634297866927544,0,0,1.602564220740193,1.232358020489803,0,4.442832610702833,0,0,2.610344405595355,0,0,0.2269763733081975,0,3.638487218461903,3.352288307279747,0,0,0.4433946727123839,4.660974350463,0,1.500206075544869,0,0,0.868857916123017,0,3.201946123168809,0,0,0,0,3.702341901109356,0,2.989168861603893
2.183759641214476,4.597711030972324,0,4.919584882482376,2.555144620791772,1.955594060673821,0,1.153840779047482,0,0,0,1.206390775337518,0,3.231100339463965,0,3.803641280590399,0,2.377791122206796,0,3.814852384723898,3.345222083195923,0,4.832879665269479,0.9166835309168114,3.253744736154538,0,3.193002973755683,0.7830851005475292,0,3.498274244844056,0,0,2.186381265864434,3.744778077385755,0
0.01061012416605278,0,0.7452854162284406,4.249141474796368,1.9952561655339,4.917104364116981,1.69037429514731,0,2.610344405595355,0,0,0,4.49212347150641,0,2.380807471653257,2.26629629768579,1.102241214408525,0,0,0,0.8807789031139962,3.137532384856675,4.042417544848658,0,3.190640662561806,0,3.949237793424076,3.924899456914652,1.111117313326074,3.79124393588981,0.006571989941220879,0,0,1.74312218829947,0
0.7567028024873895,1.095309454455868,1.875458154939931,0,0,0.6356125329601064,1.448862081837823,1.811028567070645,0,1.206390775337518,0,0,3.830146821185941,4.347042457687605,1.147926975677903,0,0,3.732116001810748,4.109874058440926,2.187673968300624,0,2.049470899235609,0,0,0,0,0,0,3.946279706606399,3.078625711448095,0,0,2.795145597849679,0,0
3.646608631217838,0.9413380841461527,0.5634974619036376,1.552982268582064,0,0,3.583382062964904,3.917951940890116,0,0,4.49212347150641,3.830146821185941,0,0.5461124834432746,3.180030760558777,0,0,0,3.937702650796062,0.04427515049300113,2.838664391364871,1.901817797063336,0,4.852613934780528,0,0,0,3.950864675121672,0,0,0,1.973287207819076,0.9079088433794846,0,0
0,1.062741897199341,0,4.016925429984526,0,0,2.672125083951598,4.432059246214329,0.2269763733081975,3.231100339463965,0,4.347042457687605,0.5461124834432746,0,0,0,0,0,0.587724009114558,3.571526412147648,4.296508445882077,3.103989735528938,0,4.967138948985157,0,0.7966336170082983,3.504394261492036,3.922944372980299,0,0,1.51736559297349,2.221690826661715,4.717971996759993,1.861661398199126,1.773489910680166
0,0,0,0,0,0,4.499907173644374,4.135259547280791,0,0,2.380807471653257,1.147926975677903,3.180030760558777,0,0,2.266174090607518,3.450524596408177,0,0.2840748024776196,3.392213851836133,0,0,0,3.868124112448817,0.6369359623837423,3.190752507358325,0,0.07774309266916246,1.796455675865348,0,0.2951940412126303,0,0,0,0
0,0,0,4.087854406343514,0,2.49336994621006,0,0,3.638487218461903,3.803641280590399,2.26629629768579,0,0,0,2.266174090607518,0,0,0,1.950140706800303,0,2.945517756011329,0,2.007532143244488,0,0,0,0,3.16638499300339,0,0,0,0,1.579041700043747,4.379187883225056,4.375076753188335
2.653890704874029,3.455334579917134,1.92471547483937,2.872667950869986,0.454352890740104,3.274840307592922,0,0,3.352288307279747,0,1.102241214408525,0,0,0,3.450524596408177,0,0,0,0.8404332932586422,4.580017536623519,4.322502527085388,1.000373057247387,0,0,0,0.2814476849317032,0,0.3068888390693386,0,0.6892725511258313,3.39758746167308,0,0,0,0.4596696942126549
0,3.192706856697104,0,0,3.722222238138144,0,0,0,0,2.377791122206796,0,3.732116001810748,0,0,0,0,0,0,0,0.6658639225884089,0,3.53038814196659,0.7123217708173418,1.665162768185738,3.956602910816815,4.434808073532242,0,4.174784004570192,0.00736961455260976,0,2.813301783055187,0,0,0,0
0.8317625386822514,1.452933267289644,0,0,4.195709025699429,1.499829271307183,3.020893728010341,4.62852196014008,0,0,0,4.109874058440926,3.937702650796062,0.587724009114558,0.2840748024776196,1.950140706800303,0.8404332932586422,0,0,0.6193875574890029,0,2.696654735633754,3.010356562005606,0,0,3.32321033576427,1.923400023118953,3.12265066497571,0,0,2.543296348211327,1.322831771770826,0,0,0
0.1284614268511397,3.308674722089717,0,0,0,1.266761709106257,0,1.674522896888432,0.4433946727123839,3.814852384723898,0,2.187673968300624,0.04427515049300113,3.571526412147648,3.392213851836133,0,4.580017536623519,0.6658639225884089,0.6193875574890029,0,3.618091390511005,2.639836919195033,0,0,0.846619742272669,1.921421627722025,1.745241643358061,0.9649897243827665,1.288481511015529,2.169906890173051,0,0.6735302918844654,4.472267327066124,0,0
0.9450527770558043,0,0,0,2.751195519042536,0,0.1656422058504459,0,4.660974350463,3.345222083195923,0.8807789031139962,0,2.838664391364871,4.296508445882077,0,2.945517756011329,4.322502527085388,0,0,3.618091390511005,0,0,3.24295132207631,0,0,4.199414949909837,0,0,2.710445377223985,0,0,0,0,2.70187867082914,0
3.732757135660181,3.988712299235257,0,4.992133946709355,0,0,0,0,0,0,3.137532384856675,2.049470899235609,1.901817797063336,3.103989735528938,0,0,1.000373057247387,3.53038814196659,2.696654735633754,2.639836919195033,0,0,0,0,0,0,0,3.085912797361349,0,0,3.309289710466072,2.785237335294573,0.04492426683942841,0.1457779108997703,0
0,0,0,1.559104519578629,0,0.24392252018064,3.423968820717638,3.400969822240258,1.500206075544869,4.832879665269479,4.042417544848658,0,0,0,0,2.007532143244488,0,0.7123217708173418,3.010356562005606,0,3.24295132207631,0,0,0,1.255477202141739,0,0,2.959724173579269,4.279179503516993,0,0.7066164559347149,0,0,0,1.826182415414731
4.306740882082823,0,2.265105810459478,0,0.8460763265734211,4.092173079884757,4.546978074280118,0.3669547334689632,0,0.9166835309168114,0,0,4.852613934780528,4.967138948985157,3.868124112448817,0,0,1.665162768185738,0,0,0,0,0,0,2.142249680036483,0,0,0,0,1.161273765253898,4.575069968783628,0.2376709709572694,0.1399664758565977,0,3.904339253020383
2.545111284182471,1.656448213127946,2.466496277874424,1.31574159676888,4.559925104574162,0,3.814267398761724,0.8475093530747257,0,3.253744736154538,3.190640662561806,0,0,0,0.6369359623837423,0,0,3.956602910816815,0,0.846619742272669,0,0,1.255477202141739,2.142249680036483,0,0,0,0,0,0,0,2.033297101488878,4.497132185507919,0,1.612613178102309
1.939314473145574,4.826288744848633,0,0,0,1.839118338998324,0,0,0.868857916123017,0,0,0,0,0.7966336170082983,3.190752507358325,0,0.2814476849317032,4.434808073532242,3.32321033576427,1.921421627722025,4.199414949909837,0,0,0,0,0,2.889218975587288,0,4.128671348495463,2.256370822554658,0,2.348251859579793,0,0,0
3.548194289153596,1.434136423796061,0.6266239570779664,0.2409057200535142,0,2.38742104498993,0,3.297739440807763,0,3.193002973755683,3.949237793424076,0,0,3.504394261492036,0,0,0,0,1.923400023118953,1.745241643358061,0,0,0,0,0,2.889218975587288,0,1.501743674485228,0,0,2.536333624081478,3.265093862890344,0,0,0
0,0,0,0,1.078806260862565,3.828253080043332,2.771272962068269,4.396392422559593,3.201946123168809,0.7830851005475292,3.924899456914652,0,3.950864675121672,3.922944372980299,0.07774309266916246,3.16638499300339,0.3068888390693386,4.174784004570192,3.12265066497571,0.9649897243827665,0,3.085912797361349,2.959724173579269,0,0,0,1.501743674485228,0,3.854919700056766,0,0,3.021944480688007,0,0,0
0.5774690437385455,0,0,0,3.960951322220815,1.980384706047284,0.1863113973701064,0.9457696692599432,0,0,1.111117313326074,3.946279706606399,0,0,1.796455675865348,0,0,0.00736961455260976,0,1.288481511015529,2.710445377223985,0,4.279179503516993,0,0,4.128671348495463,0,3.854919700056766,0,3.728547354027925,4.309996589136767,3.890091844731541,0,4.36342229650282,0
3.273441570881887,0,3.755786609498047,0,0,0,1.275088046655766,0,0,3.498274244844056,3.79124393588981,3.078625711448095,0,0,0,0,0.6892725511258313,0,0,2.169906890173051,0,0,0,1.161273765253898,0,2.256370822554658,0,0,3.728547354027925,0,0,4.287827934075452,2.053523978266005,3.785615682128216,3.521166197503223
0.6567684267167478,0.6011429499532489,0,2.677824472563242,3.164967841811737,3.524120495533441,0,1.505734760504242,0,0,0.006571989941220879,0,0,1.51736559297349,0.2951940412126303,0,3.39758746167308,2.813301783055187,2.543296348211327,0,0,3.309289710466072,0.7066164559347149,4.575069968783628,0,0,2.536333624081478,0,4.309996589136767,0,0,3.472683803971651,0.5847312920591374,2.131233307781981,3.194718228141986
2.611573908419133,0,1.421465372281561,4.035068873099256,0.7641707112622903,0,0.01929579430360318,4.048945535470957,0,0,0,0,1.973287207819076,2.221690826661715,0,0,0,0,1.322831771770826,0.6735302918844654,0,2.785237335294573,0,0.2376709709572694,2.033297101488878,2.348251859579793,3.265093862890344,3.021944480688007,3.890091844731541,4.287827934075452,3.472683803971651,0,0,0.6878151418828798,3.363635029556731
2.452211075692452,0,3.596319634112052,4.365969788049196,4.029117547084304,3.250202907113567,0,4.143587130800362,3.702341901109356,2.186381265864434,0,2.795145597849679,0.9079088433794846,4.717971996759993,0,1.579041700043747,0,0,0,4.472267327066124,0,0.04492426683942841,0,0.1399664758565977,4.497132185507919,0,0,0,0,2.053523978266005,0.5847312920591374,0,0,1.802913801376705,0
0.4391092207870811,0.3176894627868432,0,0,0,0.4665358144839854,0,2.055924453444313,0,3.744778077385755,1.74312218829947,0,0,1.861661398199126,0,4.379187883225056,0,0,0,0,2.70187867082914,0.1457779108997703,0,0,0,0,0,0,4.36342229650282,3.785615682128216,2.131233307781981,0.6878151418828798,1.802913801376705,0,0
0,0,0,4.203182587976245,1.396136672782005,0.1751129254445621,4.006600323558324,1.48085911643003,2.989168861603893,0,0,0,0,1.773489910680166,0,4.375076753188335,0.4596696942126549,0,0,0,0,0,1.826182415414731,3.904339253020383,1.612613178102309,0,0,0,0,3.521166197503223,3.194718228141986,3.363635029556731,0,0,0
0,1.876661404649785,0,0,0,4.366096700864524,0,3.457182816556037,0,2.861273727855828,4.755536789451363,2.483603391289622,4.299228540426847,0,0,0,1.136551658211438,0,0.748035458093706,4.855553315478544,3.303597787240177,0.24734261265975,0,4.545695122350311,0.8441588197969307,1.912847301128008,4.721656414510085,0,0.4014047588649716,0.1307322403089939,3.798917355912598,1.986785504125214,2.189732798861344,3.989929788388092,0
1.876661404649785,0,0.693309414346337,2.701113978724299,0,1.039559982078161,0,2.904458561818869,0.04147828696319855,3.209996527608902,0,4.613539532713618,3.795969186749092,3.960784197662946,0,0,0.1724630989231629,2.970914564849716,2.806675236613972,3.013864497427194,0,2.953878730704433,0,0,2.266256757041214,3.141336762762275,3.53095714794682,0,0,0,2.860462611303616,0,0,1.867547666206526,0
0,0.693309414346337,0,3.769172782948866,0,0,4.072132342816389,0,0,0,0.1413972544789643,4.144468725283851,3.241437246127928,0,0,0,3.828490628373502,0,0,0,0,0,0,0.05081301313957121,3.508869726267652,0,1.822385876013001,0,0,2.096898249964845,0,2.176579028921036,0.119564406798276,0,0
0,2.701113978724299,3.769172782948866,0,0,0.7480429931633287,0,0,0,4.898949359456424,0.9545910181094347,0,0.01777723726605174,4.119854436140361,0,2.029143574031296,4.579625127251107,0,0,0,0,4.937274033745209,4.475853899978032,0,0.5136018063144587,0,1.09582991277191,0,0,0,0.8243512123851676,3.164762218276256,0.2726983695489854,0,2.344068902898313
0,0,0,0,0,0,0.463568594321474,0,3.007898992291174,0.5506417009140518,4.491499740893385,0,0,0,0,0,1.842208326920113,4.196746387843874,4.912462507529892,0,0.9025844808645089,0,0,2.152261566662299,4.757071582553799,0,0,0.3936974162331736,1.667460649384996,0,4.649835857961043,2.02860396857264,1.632194546556887,0,3.838180828487336
4.366096700864524,1.039559982078161,0,0.7480429931633287,0,0,0,0.1341931448112793,3.30366072314524,0.1675262983125192,4.481530464930305,3.273103715419506,0,0,0,3.693042583627101,4.391141975677469,0,3.670899532879571,0.3547729250582699,0,0,1.56916179936396,2.975641462646126,0,3.397853098021279,0.3329381147580279,3.782904019314103,2.460303254197657,0,1.904967612012591,0,3.392662305262451,3.989424861462485,2.027374861466346
0,0,4.072132342816389,0,0.463568594321474,0,0,0,0,0,3.3555827476549,1.882802134964421,2.533936897674413,2.175826164820788,2.752324955952345,0,0,0,3.205525258300436,0,4.647169393929829,0,0.4619829767384603,0.05670570279880605,2.878429906915909,0,0,2.219326784163098,4.878988765180551,4.545249209714007,0,4.402907305158552,0,0,0.7855664398873391
3.457182816556037,2.904458561818869,0,0,0,0.1341931448112793,0,0,1.318330040948131,3.289769785423489,0,3.906960110012643,3.385310313488028,2.575023064687098,3.90715163455122,0,0,0,4.495409188710909,1.143415586243375,0,0,4.58711874223717,3.836993674800687,2.657246206797901,0,1.473864851338423,2.78928845359898,0.768199154462782,0,2.477872395152148,3.72616840605831,3.429723542194223,1.182445935577103,2.313909441421719
0,0.04147828696319855,0,0,3.007898992291174,3.30366072314524,0,1.318330040948131,0,0,0.5145928961072938,0,0,4.208648723805051,0,3.25493398563189,2.202672358882185,0,0,1.254258165464069,0.4611474819442418,0,4.067724119484936,0,0,3.257005323692738,0,0.03677846388242922,0,0,0,0,4.130509744569927,0,4.061163051775173
2.861273727855828,3.209996527608902,0,4.898949359456424,0.5506417009140518,0.1675262983125192,0,3.289769785423489,0,0,0,3.659325299118481,0,0.5420554489251195,0,4.575539676743928,0,2.916292906138521,0,3.860860525914836,1.481469316755398,0,1.565137441138605,0.3845947112300285,4.086852620197425,0,2.960372898018226,2.173237057123484,0,2.42952453758916,0,0,3.345438915848678,0.7834839877894811,0
4.755536789451363,0,0.1413972544789643,0.9545910181094347,4.491499740893385,4.481530464930305,3.3555827476549,0,0.5145928961072938,0,0,0,4.25353230356721,0,4.974527585762123,0.664269840751856,4.289453855318787,0,0,0,2.155931832035934,0.1454377592534906,3.968430148449311,0,0.4529507602068311,0,2.831265633044939,2.518682185286378,0.4180435867400173,4.805974900552693,4.906339535773284,0,0,1.250373666765338,0
2.483603391289622,4.613539532713618,4.144468725283851,0,0,3.273103715419506,1.882802134964421,3.906960110012643,0,3.659325299118481,0,0,4.230761721374192,2.071089270746628,0.03456381985183665,0,0,3.998353970848364,3.185113993714632,1.604199714052588,0,1.855939385712388,0,0,0,0,0,0,2.506337265422209,1.524799788035085,0,0,2.666771039018295,0,0
4.299228540426847,3.795969186749092,3.241437246127928,0.01777723726605174,0,0,2.533936897674413,3.385310313488028,0,0,4.25353230356721,4.230761721374192,0,0.03305382982101146,2.627806256176934,0,0,0,4.847139279478727,3.357967671564366,0.9413588786993349,1.982846226055209,0,3.044427693485879,0,0,0,1.414789365932889,0,0,0,1.294952710794836,2.878738076077847,0,0
0,3.960784197662946,0,4.119854436140361,0,0,2.175826164820788,2.575023064687098,4.208648723805051,0.5420554489251195,0,2.071089270746628,0.03305382982101146,0,0,0,0,0,0.8701876219255406,4.535186481539556,2.616887364870181,3.667837199138581,0,1.631967338403399,0,0.76308116802702,0.8999306874077417,2.632448163602417,0,0,3.03719975476421,2.284414063265283,4.739610693788464,2.028478454906745,1.695104309256578
0,0,0,0,0,0,2.752324955952345,3.90715163455122,0,0,4.974527585762123,0.03456381985183665,2.627806256176934,0,0,0.3737471922788321,4.268618049057863,0,0.7146779014645971,0.573944845826293,0,0,0,4.504235523134469,0.6686784314650829,4.362654104406383,0,2.937440469145145,0.5702980763942328,0,1.905150284727137,0,0,0,0
0,0,0,2.029143574031296,0,3.693042583627101,0,0,3.25493398563189,4.575539676743928,0.664269840751856,0,0,0,0.3737471922788321,0,0,0,2.372419702582111,0,2.398668077192263,0,2.311926837939033,0,0,0,0,4.527058217433738,0,0,0,0,1.55651090614875,4.356177486901725,0.3370673818416264
1.136551658211438,0.1724630989231629,3.828490628373502,4.579625127251107,1.842208326920113,4.391141975677469,0,0,2.202672358882185,0,4.289453855318787,0,0,0,4.268618049057863,0,0,0,2.59862341796848,3.075171318769674,1.667908059144443,0.3450492617884271,0,0,0,2.217546237170361,0,3.305369944661231,0,3.149058335127744,3.520609456015183,0,0,0,4.965185871626287
0,2.970914564849716,0,0,4.196746387843874,0,0,0,0,2.916292906138521,0,3.998353970848364,0,0,0,0,0,0,0,1.475044772862903,0,0.1950684620781068,4.312027294453974,2.067082761422005,2.970927313924835,3.287158367212207,0,1.625717002985297,1.476979245857076,0,3.754382259808844,0,0,0,0
0.748035458093706,2.806675236613972,0,0,4.912462507529892,3.670899532879571,3.205525258300436,4.495409188710909,0,0,0,3.185113993714632,4.847139279478727,0.8701876219255406,0.7146779014645971,2.372419702582111,2.59862341796848,0,0,0.9311910287905922,0,1.869174583545484,3.876288560691152,0,0,2.074177665906778,0.2004136441754961,3.120077731699646,0,0,3.016505000296664,1.573494811504521,0,0,0
4.855553315478544,3.013864497427194,0,0,0,0.3547729250582699,0,1.143415586243375,1.254258165464069,3.860860525914836,0,1.604199714052588,3.357967671564366,4.535186481539556,0.573944845826293,0,3.075171318769674,1.475044772862903,0.9311910287905922,0,2.875738064153244,0.9255391039747357,0,0,2.966912366051766,1.998094805144288,3.151120277690526,4.597880691863234,2.135239788538246,3.924112115872504,0,0.5995637769863127,1.92864232221872,0,0
3.303597787240177,0,0,0,0.9025844808645089,0,4.647169393929829,0,0.4611474819442418,1.481469316755398,2.155931832035934,0,0.9413588786993349,2.616887364870181,0,2.398668077192263,1.667908059144443,0,0,2.875738064153244,0,0,2.373273116773928,0,0,1.024761368340046,0,0,1.410314364395134,0,0,0,0,4.089316561156263,0
0.24734261265975,2.953878730704433,0,4.937274033745209,0,0,0,0,0,0,0.1454377592534906,1.855939385712388,1.982846226055209,3.667837199138581,0,0,0.3450492617884271,0.1950684620781068,1.869174583545484,0.9255391039747357,0,0,0,0,0,0,0,1.777597268566166,0,0,1.000122979483975,0.1069905848249397,3.59140231830589,3.899086337387205,0
0,0,0,4.475853899978032,0,1.56916179936396,0.4619829767384603,4.58711874223717,4.067724119484936,1.565137441138605,3.968430148449311,0,0,0,0,2.311926837939033,0,4.312027294453974,3.876288560691152,0,2.373273116773928,0,0,0,1.577364957639755,0,0,1.798260865820364,3.622031418444122,0,0.3965112253326192,0,0,0,2.992952503422827
4.545695122350311,0,0.05081301313957121,0,2.152261566662299,2.975641462646126,0.05670570279880605,3.836993674800687,0,0.3845947112300285,0,0,3.044427693485879,1.631967338403399,4.504235523134469,0,0,2.067082761422005,0,0,0,0,0,0,3.085767472295177,0,0,0,0,3.699161135318537,2.165915403195783,4.973049476245457,0.3342088058892378,0,2.609411907046408
0.8441588197969307,2.266256757041214,3.508869726267652,0.5136018063144587,4.757071582553799,0,2.878429906915909,2.657246206797901,0,4.086852620197425,0.4529507602068311,0,0,0,0.6686784314650829,0,0,2.970927313924835,0,2.966912366051766,0,0,1.577364957639755,3.085767472295177,0,0,0,0,0,0,0,2.315314629545826,2.264730578357473,0,2.318881169716378
1.912847301128008,3.141336762762275,0,0,0,3.397853098021279,0,0,3.257005323692738,0,0,0,0,0.76308116802702,4.362654104406383,0,2.217546237170361,3.287158367212207,2.074177665906778,1.998094805144288,1.024761368340046,0,0,0,0,0,0.3742215379991776,0,2.222729419594529,1.249845847051379,0,2.88890348823374,0,0,0
4.721656414510085,3.53095714794682,1.822385876013001,1.09582991277191,0,0.3329381147580279,0,1.473864851338423,0,2.960372898018226,2.831265633044939,0,0,0.8999306874077417,0,0,0,0,0.2004136441754961,3.151120277690526,0,0,0,0,0,0.3742215379991776,0,2.000148578098192,0,0,0.568582205222789,2.305660632749,0,0,0
0,0,0,0,0.3936974162331736,3.782904019314103,2.219326784163098,2.78928845359898,0.03677846388242922,2.173237057123484,2.518682185286378,0,1.414789365932889,2.632448163602417,2.937440469145145,4.527058217433738,3.305369944661231,1.625717002985297,3.120077731699646,4.597880691863234,0,1.777597268566166,1.798260865820364,0,0,0,2.000148578098192,0,1.569009604362761,0,0,0.4740177822922492,0,0,0
0.4014047588649716,0,0,0,1.667460649384996,2.460303254197657,4.878988765180551,0.768199154462782,0,0,0.4180435867400173,2.506337265422209,0,0,0.5702980763942328,0,0,1.476979245857076,0,2.135239788538246,1.410314364395134,0,3.622031418444122,0,0,2.222729419594529,0,1.569009604362761,0,2.68192903519243,1.566510974182128,2.133361929115219,0,1.429073912663337,0
0.1307322403089939,0,2.096898249964845,0,0,0,4.545249209714007,0,0,2.42952453758916,4.805974900552693,1.524799788035085,0,0,0,0,3.149058335127744,0,0,3.924112115872504,0,0,0,3.699161135318537,0,1.249845847051379,0,0,2.68192903519243,0,0,3.017715926908678,3.661828738928671,2.025987617703914,0.8043183951136479
3.798917355912598,2.860462611303616,0,0.8243512123851676,4.649835857961043,1.904967612012591,0,2.477872395152148,0,0,4.906339535773284,0,0,3.03719975476421,1.905150284727137,0,3.520609456015183,3.754382259808844,3.016505000296664,0,0,1.000122979483975,0.3965112253326192,2.165915403195783,0,0,0.568582205222789,0,1.566510974182128,0,0,4.637470460271995,1.704007539477668,0.4908397851444224,4.465741228290358
1.986785504125214,0,2.176579028921036,3.164762218276256,2.02860396857264,0,4.402907305158552,3.72616840605831,0,0,0,0,1.294952710794836,2.284414063265283,0,0,0,0,1.573494811504521,0.5995637769863127,0,0.1069905848249397,0,4.973049476245457,2.315314629545826,2.88890348823374,2.305660632749,0.4740177822922492,2.133361929115219,3.017715926908678,4.637470460271995,0,0,2.120437163146141,3.093263713729939
2.189732798861344,0,0.119564406798276,0.2726983695489854,1.632194546556887,3.392662305262451,0,3.429723542194223,4.130509744569927,3.345438915848678,0,2.666771039018295,2.878738076077847,4.739610693788464,0,1.55651090614875,0,0,0,1.92864232221872,0,3.59140231830589,0,0.3342088058892378,2.264730578357473,0,0,0,0,3.661828738928671,1.704007539477668,0,0,0.9553663268627771,0
3.989929788388092,1.867547666206526,0,0,0,3.989424861462485,0,1.182445935577103,0,0.7834839877894811,1.250373666765338,0,0,2.028478454906745,0,4.356177486901725,0,0,0,0,4.089316561156263,3.899086337387205,0,0,0,0,0,0,1.429073912663337,2.025987617703914,0.4908397851444224,2.120437163146141,0.9553663268627771,0,0
0,0,0,2.344068902898313,3.838180828487336,2.027374861466346,0.7855664398873391,2.313909441421719,4.061163051775173,0,0,0,0,1.695104309256578,0,0.3370673818416264,4.965185871626287,0,0,0,0,0,2.992952503422827,2.609411907046408,2.318881169716378,0,0,0,0,0.8043183951136479,4.465741228290358,3.093263713729939,0,0,0
0,2.401861140429337,0,0,0,0.4134646596542674,0,1.068817596139778,0,2.825335798885893,3.831496816659983,4.043261264560952,3.134776897072867,0,0,0,3.547424875982406,0,1.013736988712988,1.487978383792366,4.706154689367427,0.3564244098176694,0,4.226752811388062,4.155557515979033,1.357264619835094,0.8705893673581694,0,1.802338100397786,3.928881429488876,4.62868090336375,2.395548912767952,3.863277861944294,3.27791186480597,0
2.401861140429337,0,4.409496003665459,0.5083121746391478,0,0.1980192338786785,0,2.701289537103902,4.123141713331971,0.5266009148795764,0,1.601613160080742,0.1584465005610347,0.7272174006230558,0,0,2.4442863180423,2.49311256368125,3.1666673416086,2.369089316104633,0,4.560983771260382,0,0,3.686923190906501,0.6601558502745331,2.676029487527225,0,0,0,4.74695067314576,0,0,0.8312576771827412,0
0,4.409496003665459,0,3.109315486308932,0,0,0.485916029934983,0,0,0,3.783348939921738,4.208882909773807,2.404020258397197,0,0,0,3.264578410780678,0,0,0,0,0,0,2.995405837352436,4.439013007147451,0,3.381150451411264,0,0,0.001155325997083678,0,4.518795255909904,2.874662509984499,0,0
0,0.5083121746391478,3.109315486308932,0,0,1.754010458185719,0,0,0,1.250765067989894,0.6207189361108406,0,4.076212226568356,4.260953246993181,0,2.331561103188121,2.477162043951799,0,0,0,0,0.7504328900944529,4.173841557913609,0,2.418595124169555,0,1.1958800704349,0,0,0,4.41719351176862,3.552136539318539,2.502003877575905,0,2.726111648469204
0,0,0,0,0,0,4.403997714306711,0,4.565763711862509,2.726309386652784,1.535219369627849,0,0,0,0,0,0.03896455318737169,1.312159601149396,3.132322505366659,0,3.39245934707441,0,0,2.08109068441405,1.730006013944323,0,0,4.665299308825677,3.463294321669002,0,2.64665484698944,1.562379994213892,2.749395725628619,0,1.080282980332044
0.4134646596542674,0.1980192338786785,0,1.754010458185719,0,0,0,2.502095961288607,1.647048455584824,2.030077012503343,4.328516048064494,4.319824560300622,0,0,0,0.06377834446135933,4.511864627210807,0,0.5210462687865547,3.1290166558552,0,0,3.208155838602593,2.682123044591,0,2.838895159353429,2.055142435918031,4.216351585225846,1.290473091424172,0,0.3820572208295159,0,1.268114208946444,3.557013131104416,1.248343776417531
0,0,0.485916029934983,0,4.403997714306711,0,0,0,0,0,0.261831595313694,0.5687768082546224,1.640438706243742,0.7885207284778967,2.136783434106336,0,0,0,0.637334180076875,0,4.624911256664589,0,4.362894835197225,2.61841351872727,3.159595743561167,0,0,0.4519206101430551,2.611699540065446,4.472802223756277,0,1.17560817520256,0,0,3.125826983899519
1.068817596139778,2.701289537103902,0,0,0,2.502095961288607,0,0,1.173927626521651,2.814741906200378,0,0.6774357565099054,0.7490586500944985,3.397043729658178,0.9544133337911204,0,0,0,2.72416699234371,4.112009038228686,0,0,1.283458354505789,0.42476107932507,3.169004290969799,0,4.751842007574499,3.761670300757057,0.1445103283254978,0,1.290815117491905,1.685716570566883,1.336625275478773,0.9752766134054258,4.626162083396404
0,4.123141713331971,0,0,4.565763711862509,1.647048455584824,0,1.173927626521651,0,0,4.984402440941876,0,0,0.2412495880281601,0,3.323075100749587,0.6643697238903007,0,0,2.237795113900119,4.767699864147305,0,0.3835493710040766,0,0,2.493482029915572,0,0.5321055334630692,0,0,0,0,0.9109612368746201,0,4.072890870181602
2.825335798885893,0.5266009148795764,0,1.250765067989894,2.726309386652784,2.030077012503343,0,2.814741906200378,0,0,0,0.2024580782958546,0,4.917484621082895,0,4.50487478132179,0,1.302740409259205,0,0.1064981205483384,4.649760218383852,0,0.3821972890603903,0.7683138326535255,3.831331096849864,0,1.626446023428771,4.161216090513691,0,0.9135812540685179,0,0,2.738478554764394,0.2906190894748584,0
3.831496816659983,0,3.783348939921738,0.6207189361108406,1.535219369627849,4.328516048064494,0.261831595313694,0,4.984402440941876,0,0,0,1.283959585340484,0,2.452893109238943,3.792531641227878,4.523644595686721,0,0,0,2.378275188992481,0.6809730482246584,2.509335435190181,0,0.3735405744940501,0,1.887069619442366,1.304983659667831,0.3685077687107974,2.332124810497809,2.850970911542263,0,0,1.725016926469311,0
4.043261264560952,1.601613160080742,4.208882909773807,0,0,4.319824560300622,0.5687768082546224,0.6774357565099054,0,0.2024580782958546,0,0,4.509905959394765,3.306045760006592,3.833196986173171,0,0,4.538994705355025,4.769551884498035,0.6702602920022005,0,1.134270462225142,0,0,0,0,0,0,2.775909613485616,3.834838013756392,0,0,4.378620012823148,0,0
3.134776897072867,0.1584465005610347,2.404020258397197,4.076212226568356,0,0,1.640438706243742,0.7490586500944985,0,0,1.283959585340484,4.509905959394765,0,2.986510399006766,1.298115400552495,0,0,0,0.9023405484427582,4.524066150086811,1.620982317335198,2.883708478470526,0,3.598328060894595,0,0,0,0.3415461931252167,0,0,0,4.239560799852724,0.9294251579924279,0,0
0,0.7272174006230558,0,4.260953246993181,0,0,0.7885207284778967,3.397043729658178,0.2412495880281601,4.917484621082895,0,3.306045760006592,2.986510399006766,0,0,0,0,0,3.137045819935476,1.092688705572942,2.3868139713242,1.14998115442065,0,0.6858051809409921,0,0.6847538680862408,4.018340402147534,2.855116817786843,0,0,1.394511549667266,2.999085691452427,2.264921956015735,2.194119608960071,4.479300233587039
0,0,0,0,0,0,2.136783434106336,0.9544133337911204,0,0,2.452893109238943,3.833196986173171,1.298115400552495,0,0,3.316703067966693,2.339508613421493,0,0.8570936877722479,1.180319619981574,0,0,0,0.6908357817766614,0.6415547985175979,1.835366190994521,0,4.812791554525841,2.704089631943083,0,3.61184734189229,0,0,0,0
0,0,0,2.331561103188121,0,0.06377834446135933,0,0,3.323075100749587,4.50487478132179,3.792531641227878,0,0,0,3.316703067966693,0,0,0,4.126603582385875,0,0.9932530849224153,0,3.536410032527103,0,0,0,0,3.152764697482779,0,0,0,0,1.724884355527699,0.8639520152765467,3.233961079729859
3.547424875982406,2.4442863180423,3.264578410780678,2.477162043951799,0.03896455318737169,4.511864627210807,0,0,0.6643697238903007,0,4.523644595686721,0,0,0,2.339508613421493,0,0,0,3.137278046714606,0.4658753000852639,0.6770699966427035,2.759553675615057,0,0,0,2.68906263588773,0,0.09301320965665716,0,4.285073463299266,2.304420283730249,0,0,0,0.4821681144524342
0,2.49311256368125,0,0,1.312159601149396,0,0,0,0,1.302740409259205,0,4.538994705355025,0,0,0,0,0,0,0,0.8331354146757702,0,3.081475619139247,1.380187080532719,2.071740762813165,1.547815462705534,3.422584451507909,0,1.83819649918961,0.2422727619121684,0,0.04615177189650044,0,0,0,0
1.013736988712988,3.1666673416086,0,0,3.132322505366659,0.5210462687865547,0.637334180076875,2.72416699234371,0,0,0,4.769551884498035,0.9023405484427582,3.137045819935476,0.8570936877722479,4.126603582385875,3.137278046714606,0,0,3.232513552916212,0,3.53367443070538,2.959171028394613,0,0,2.491349511371376,2.914667929654836,1.478707056432881,0,0,0.8069848424975634,0.9159778576068262,0,0,0
1.487978383792366,2.369089316104633,0,0,0,3.1290166558552,0,4.112009038228686,2.237795113900119,0.1064981205483384,0,0.6702602920022005,4.524066150086811,1.092688705572942,1.180319619981574,0,0.4658753000852639,0.8331354146757702,3.232513552916212,0,1.001162518184836,0.4084485699421697,0,0,3.040324596632275,1.627087426991255,3.32221040403452,1.443460251662076,2.888616450203686,2.626169223102462,0,4.467262105419222,1.460259389290135,0,0
4.706154689367427,0,0,0,3.39245934707441,0,4.624911256664589,0,4.767699864147305,4.649760218383852,2.378275188992481,0,1.620982317335198,2.3868139713242,0,0.9932530849224153,0.6770699966427035,0,0,1.001162518184836,0,0,4.664560550198536,0,0,3.106274434064065,0,0,1.224374234450831,0,0,0,0,3.54208322666214,0
0.3564244098176694,4.560983771260382,0,0.7504328900944529,0,0,0,0,0,0,0.6809730482246584,1.134270462225142,2.883708478470526,1.14998115442065,0,0,2.759553675615057,3.081475619139247,3.53367443070538,0.4084485699421697,0,0,0,0,0,0,0,1.81469093309155,0,0,4.799931137862242,2.413402759458386,2.247132958630985,2.836752492920434,0
0,0,0,4.173841557913609,0,3.208155838602593,4.362894835197225,1.283458354505789,0.3835493710040766,0.3821972890603903,2.509335435190181,0,0,0,0,3.536410032527103,0,1.380187080532719,2.959171028394613,0,4.664560550198536,0,0,0,1.503284744013976,0,0,3.596534662377371,0.9955515090932959,0,4.380726737645379,0,0,0,3.342435731323879
4.226752811388062,0,2.995405837352436,0,2.08109068441405,2.682123044591,2.61841351872727,0.42476107932507,0,0.7683138326535255,0,0,3.598328060894595,0.6858051809409921,0.6908357817766614,0,0,2.071740762813165,0,0,0,0,0,0,2.794379384784186,0,0,0,0,4.444961725764249,1.448803779211198,1.033820745652228,4.635320704354469,0,4.659749669430032
4.155557515979033,3.686923190906501,4.439013007147451,2.418595124169555,1.730006013944323,0,3.159595743561167,3.169004290969799,0,3.831331096849864,0.3735405744940501,0,0,0,0.6415547985175979,0,0,1.547815462705534,0,3.040324596632275,0,0,1.503284744013976,2.794379384784186,0,0,0,0,0,0,0,1.013371497186528,0.2901308824829268,0,0.4950861646065535
1.357264619835094,0.6601558502745331,0,0,0,2.838895159353429,0,0,2.493482029915572,0,0,0,0,0.6847538680862408,1.835366190994521,0,2.68906263588773,3.422584451507909,2.491349511371376,1.627087426991255,3.106274434064065,0,0,0,0,0,0.2867133468774097,0,4.910312816072871,4.777187658968447,0,4.556566135849247,0,0,0
0.8705893673581694,2.676029487527225,3.381150451411264,1.1958800704349,0,2.055142435918031,0,4.751842007574499,0,1.626446023428771,1.887069619442366,0,0,4.018340402147534,0,0,0,0,2.914667929654836,3.32221040403452,0,0,0,0,0,0.2867133468774097,0,2.588617571973591,0,0,2.452228284810102,4.318790552417775,0,0,0
0,0,0,0,4.665299308825677,4.216351585225846,0.4519206101430551,3.761670300757057,0.5321055334630692,4.161216090513691,1.304983659667831,0,0.3415461931252167,2.855116817786843,4.812791554525841,3.152764697482779,0.09301320965665716,1.83819649918961,1.478707056432881,1.443460251662076,0,1.81469093309155,3.596534662377371,0,0,0,2.588617571973591,0,0.2893631240823707,0,0,1.679906388846262,0,0,0
1.802338100397786,0,0,0,3.463294321669002,1.290473091424172,2.611699540065446,0.1445103283254978,0,0,0.3685077687107974,2.775909613485616,0,0,2.704089631943083,0,0,0.2422727619121684,0,2.888616450203686,1.224374234450831,0,0.9955515090932959,0,0,4.910312816072871,0,0.2893631240823707,0,4.849825970097522,1.634921057486756,1.399809406933675,0,3.284246296927317,0
3.928881429488876,0,0.001155325997083678,0,0,0,4.472802223756277,0,0,0.9135812540685179,2.332124810497809,3.834838013756392,0,0,0,0,4.285073463299266,0,0,2.626169223102462,0,0,0,4.444961725764249,0,4.777187658968447,0,0,4.849825970097522,0,0,4.239202025456041,0.7555263943016882,3.509505400856222,0.007569666833790456
4.62868090336375,4.74695067314576,0,4.41719351176862,2.64665484698944,0.3820572208295159,0,1.290815117491905,0,0,2.850970911542263,0,0,1.394511549667266,3.61184734189229,0,2.304420283730249,0.04615177189650044,0.8069848424975634,0,0,4.799931137862242,4.380726737645379,1.448803779211198,0,0,2.452228284810102,0,1.634921057486756,0,0,4.72105154434018,0.1836522179179945,1.516107833394085,0.3034519371669303
2.395548912767952,0,4.518795255909904,3.552136539318539,1.562379994213892,0,1.17560817520256,1.685716570566883,0,0,0,0,4.239560799852724,2.999085691452427,0,0,0,0,0.9159778576068262,4.467262105419222,0,2.413402759458386,0,1.033820745652228,1.013371497186528,4.556566135849247,4.318790552417775,1.679906388846262,1.399809406933675,4.239202025456041,4.72105154434018,0,0,3.822833909395038,0.03423044730484603
3.863277861944294,0,2.874662509984499,2.502003877575905,2.749395725628619,1.268114208946444,0,1.336625275478773,0.9109612368746201,2.738478554764394,0,4.378620012823148,0.9294251579924279,2.264921956015735,0,1.724884355527699,0,0,0,1.460259389290135,0,2.247132958630985,0,4.635320704354469,0.2901308824829268,0,0,0,0,0.7555263943016882,0.1836522179179945,0,0,3.571988304070344,0
3.27791186480597,0.8312576771827412,0,0,0,3.557013131104416,0,0.9752766134054258,0,0.2906190894748584,1.725016926469311,0,0,2.194119608960071,0,0.8639520152765467,0,0,0,0,3.54208322666214,2.836752492920434,0,0,0,0,0,0,3.284246296927317,3.509505400856222,1.516107833394085,3.822833909395038,3.571988304070344,0,0
0,0,0,2.726111648469204,1.080282980332044,1.248343776417531,3.125826983899519,4.626162083396404,4.072890870181602,0,0,0,0,4.479300233587039,0,3.233961079729859,0.4821681144524342,0,0,0,0,0,3.342435731323879,4.659749669430032,0.4950861646065535,0,0,0,0,0.007569666833790456,0.3034519371669303,0.03423044730484603,0,0,0
