10
30
0.09709983212598142
0.08632558847905294
0.1901153620788629
0.0677169555979658
0.0528408787796115
0.005043201767662053
0.1586090712840478
0.0007422074449752957
0.1707946418441531
0.1707122605976872
0,2.949927180189357,0,0,4.422449423263131,0,4.599731594870989,2.822651891357997,1.856803786713637,3.436253213492266,0,0,3.974974032261659,0,2.5752769954326,2.229417013612429,0,0,3.944433744491571,2.777887986108294,0.2920797294074423,4.197968393996136,0,2.059777118008279,3.753352049368003,2.158421839479661,0,0.5151995873323251,1.887207697987355,3.978097814386965
2.949927180189357,0,0,1.460889392476119,4.663506123882533,0,1.56298188921431,0.747653688247118,4.165170253778903,0.346204815327682,0.6107567114002665,0.4560710550454011,0,3.575284625129137,1.824366296818087,0,2.29150465526182,0,0,0,0.5042910494231623,1.195170367627036,2.791311451470417,0,0,0,0,2.877583366653191,0,0
0,0,0,0,4.740511181227346,2.661310489021965,0,0,3.995170152976439,2.462602807273087,2.863216926909705,0,4.306903566102896,0,2.098779199232009,0,0,0,3.694118434131595,1.902581500870877,1.472627032714078,2.31737507706127,0,0.1063143842312247,4.657394156365547,0,1.600714561966251,0.9062561163814165,2.968623164803603,0
0,1.460889392476119,0,0,0,0,0,4.809981042318243,0,0,3.906716560497531,0,0,0,0,0,3.500468023016549,4.132336693597669,0,0,0,0,0,1.483981386924752,4.589209066046037,0,0,0.8177959694987169,0,3.307963653381159
4.422449423263131,4.663506123882533,4.740511181227346,0,0,0,0,0,0,0,0,1.181371135652648,1.29843156294253,0,4.644678326375157,1.115419725363989,1.300878270559989,0,0.4831331152168861,4.119418249323515,0,0,0.6350694680883762,0,4.738381796981683,4.530753170579529,3.312701865564094,0,0,1.871800690465193
0,0,2.661310489021965,0,0,0,4.152404583401037,1.405151385804593,0,1.53599040758346,0.2438269651898745,1.834855424581388,0,0,0,1.199772915007815,0,2.317534329380981,3.783866938433006,0,0.7503159476021881,2.97194727580726,0.3131279956915684,3.871300639726257,0,0.1892987530023477,2.5786777301186,4.975977570528076,0.7571982351607781,0
4.599731594870989,1.56298188921431,0,0,0,4.152404583401037,0,2.991327181343877,0,0.2236054105641633,0,1.741103902964176,0,0,0,0,4.945803604151095,0,1.70506521546237,0.4664481271172083,0,0.7627004775156215,0,4.421803229737392,0,2.093442260226314,0,0,0,0
2.822651891357997,0.747653688247118,0,4.809981042318243,0,1.405151385804593,2.991327181343877,0,4.067621404678428,0.1113196802800742,1.490311180725472,0,0,0,0,2.326304259858452,2.533648225309919,0.8326234793621712,0,4.790991985573598,0.748320526516742,0.56548338283817,0,1.69473662144795,0,0,0,0,0,0
1.856803786713637,4.165170253778903,3.995170152976439,0,0,0,0,4.067621404678428,0,3.083499471683946,3.388002620238668,1.133037557480776,0,0.6529462710476891,4.155550773619265,3.693838569042925,3.657353577419102,3.571947635418927,4.920223689949986,0,4.502303479756662,0,2.849157468965848,0,2.126023446712132,0,3.188670086393025,0,2.54066003662959,0
3.436253213492266,0.346204815327682,2.462602807273087,0,0,1.53599040758346,0.2236054105641633,0.1113196802800742,3.083499471683946,0,0,0.3564260556473409,0,0.9797144478956993,0,4.528358263089382,0,0.1247467299102406,0,2.965515924776246,0,0,2.800567220015033,2.41558829109267,1.542349166321504,1.717593004646145,0,0,0,0
0,0.6107567114002665,2.863216926909705,3.906716560497531,0,0.2438269651898745,0,1.490311180725472,3.388002620238668,0,0,4.912846463350236,2.063392073454983,0,2.576481181245174,0,3.898197219168017,0,0,1.887635731262967,0,1.783383363455022,1.32199461521169,0,0,0.897515335886358,0,0,0.1711966622393951,0.8303287931759429
0,0.4560710550454011,0,0,1.181371135652648,1.834855424581388,1.741103902964176,0,1.133037557480776,0.3564260556473409,4.912846463350236,0,0,0,0,4.56086171877256,4.254540042834251,0,0,4.031185426897959,0,0,0,0.5346169994897637,0.9428645287131204,0,4.533269000494214,0,0,1.849796916123613
3.974974032261659,0,4.306903566102896,0,1.29843156294253,0,0,0,0,0,2.063392073454983,0,0,1.003092065020825,1.462965359155308,2.390564044714529,0,0,0,0,3.538232018350743,4.973012799947319,0,4.338457281222126,0,0,0,0,0,1.525382766994643
0,3.575284625129137,0,0,0,0,0,0,0.6529462710476891,0.9797144478956993,0,0,1.003092065020825,0,4.353109093064464,0,2.750375322090115,2.371560415530482,1.626915660016839,2.141182554075671,0,0,0,0,0,0,2.981282079528109,4.697273895921386,0,0
2.5752769954326,1.824366296818087,2.098779199232009,0,4.644678326375157,0,0,0,4.155550773619265,0,2.576481181245174,0,1.462965359155308,4.353109093064464,0,1.598638889582358,0,0,0,3.899971388402456,0,3.212050395434749,0,0,0,0,0,0,0,0
2.229417013612429,0,0,0,1.115419725363989,1.199772915007815,0,2.326304259858452,3.693838569042925,4.528358263089382,0,4.56086171877256,2.390564044714529,0,1.598638889582358,0,3.219279158110757,1.903749855287485,2.034757205987408,1.156755135138258,0,0,2.784032997602693,0,0.309558583783282,2.761359125401744,0,0,2.757083419755777,0
0,2.29150465526182,0,3.500468023016549,1.300878270559989,0,4.945803604151095,2.533648225309919,3.657353577419102,0,3.898197219168017,4.254540042834251,0,2.750375322090115,0,3.219279158110757,0,0,2.832739398940376,0,3.208063436753838,2.783406701355775,0,0,2.227039629066279,3.683393188773845,0,0,0.6799235988743235,2.287777822492144
0,0,0,4.132336693597669,0,2.317534329380981,0,0.8326234793621712,3.571947635418927,0.1247467299102406,0,0,0,2.371560415530482,0,1.903749855287485,0,0,4.286663315274947,0,0,0,2.706863309310583,2.742250219421885,3.804728075061377,2.340500602978668,0,3.873828712027747,1.407890754251564,0
3.944433744491571,0,3.694118434131595,0,0.4831331152168861,3.783866938433006,1.70506521546237,0,4.920223689949986,0,0,0,0,1.626915660016839,0,2.034757205987408,2.832739398940376,4.286663315274947,0,0,0,4.255827632836321,0,2.740499548310904,4.579296221744126,0,0,3.629215514348186,2.195705831846115,0
2.777887986108294,0,1.902581500870877,0,4.119418249323515,0,0.4664481271172083,4.790991985573598,0,2.965515924776246,1.887635731262967,4.031185426897959,0,2.141182554075671,3.899971388402456,1.156755135138258,0,0,0,0,0.3371926460528751,0,3.97899791735339,3.585514578448607,1.969329904426156,0,2.406385611001669,0,0,0.2424581621104527
0.2920797294074423,0.5042910494231623,1.472627032714078,0,0,0.7503159476021881,0,0.748320526516742,4.502303479756662,0,0,0,3.538232018350743,0,0,0,3.208063436753838,0,0,0.3371926460528751,0,0,1.886027671182849,0,0,0,0,4.413978149343959,2.200252851442562,0.161754607873642
4.197968393996136,1.195170367627036,2.31737507706127,0,0,2.97194727580726,0.7627004775156215,0.56548338283817,0,0,1.783383363455022,0,4.973012799947319,0,3.212050395434749,0,2.783406701355775,0,4.255827632836321,0,0,0,0,0,0,1.741467752940166,0,0,4.410898902775028,3.401017140549946
0,2.791311451470417,0,0,0.6350694680883762,0.3131279956915684,0,0,2.849157468965848,2.800567220015033,1.32199461521169,0,0,0,0,2.784032997602693,0,2.706863309310583,0,3.97899791735339,1.886027671182849,0,0,4.107043160975536,1.950501451425219,0,0.1401766970097451,0,2.109791012208365,0
2.059777118008279,0,0.1063143842312247,1.483981386924752,0,3.871300639726257,4.421803229737392,1.69473662144795,0,2.41558829109267,0,0.5346169994897637,4.338457281222126,0,0,0,0,2.742250219421885,2.740499548310904,3.585514578448607,0,0,4.107043160975536,0,3.512459755961983,4.869347124705595,0,0,0,0
3.753352049368003,0,4.657394156365547,4.589209066046037,4.738381796981683,0,0,0,2.126023446712132,1.542349166321504,0,0.9428645287131204,0,0,0,0.309558583783282,2.227039629066279,3.804728075061377,4.579296221744126,1.969329904426156,0,0,1.950501451425219,3.512459755961983,0,0,2.912549462527059,0,4.121090341144477,0
2.158421839479661,0,0,0,4.530753170579529,0.1892987530023477,2.093442260226314,0,0,1.717593004646145,0.897515335886358,0,0,0,0,2.761359125401744,3.683393188773845,2.340500602978668,0,0,0,1.741467752940166,0,4.869347124705595,0,0,0,0.4658194924162923,0,0
0,0,1.600714561966251,0,3.312701865564094,2.5786777301186,0,0,3.188670086393025,0,0,4.533269000494214,0,2.981282079528109,0,0,0,0,0,2.406385611001669,0,0,0.1401766970097451,0,2.912549462527059,0,0,4.981926722145936,0,0
0.5151995873323251,2.877583366653191,0.9062561163814165,0.8177959694987169,0,4.975977570528076,0,0,0,0,0,0,0,4.697273895921386,0,0,0,3.873828712027747,3.629215514348186,0,4.413978149343959,0,0,0,0,0.4658194924162923,4.981926722145936,0,0.7787476806556815,3.468266681845115
1.887207697987355,0,2.968623164803603,0,0,0.7571982351607781,0,0,2.54066003662959,0,0.1711966622393951,0,0,0,0,2.757083419755777,0.6799235988743235,1.407890754251564,2.195705831846115,0,2.200252851442562,4.410898902775028,2.109791012208365,0,4.121090341144477,0,0,0.7787476806556815,0,0
3.978097814386965,0,0,3.307963653381159,1.871800690465193,0,0,0,0,0,0.8303287931759429,1.849796916123613,1.525382766994643,0,0,0,2.287777822492144,0,0,0.2424581621104527,0.161754607873642,3.401017140549946,0,0,0,0,0,3.468266681845115,0,0
0,0,3.794612796826225,4.139418537382481,0,0.02746960802736509,0,0,0,0,3.827178953687719,4.0147391106336,0,2.100720802199803,0,0,2.644691234377119,0.03447074949390561,0,0,0,0,3.707970284903356,0,0,0,3.050742751669793,0,0,0
0,0,4.24895049326387,0,0,4.459228469131396,0,0,0,0,0,0,1.711714543436537,0,0,4.525927340916597,0,2.85976922748956,3.731844719739341,0.09583332720139892,0,0,0,2.106369652708413,1.344744397893257,2.216604466878505,0.9917529163803968,0,1.776383400890332,0.2435874000209221
3.794612796826225,4.24895049326387,0,3.775592185651167,0,0,1.700176205716654,4.682715184862111,0,0,0,3.708456842931911,0,0.5110287799596286,0,4.86577197419567,3.612850367730834,3.368104351563788,0,0,0,0,1.925379393836167,0,0,4.376492151841116,0,0,0,0.8623514070422217
4.139418537382481,0,3.775592185651167,0,1.399043661358193,0.8602405593747603,4.192441150704741,0,3.530389183788688,1.299159298354805,0,0.7695725785645707,3.339386613394349,3.733837242362175,3.160408553665641,4.881761379601828,0,0,4.143652534439476,4.990841356423338,1.537458093168098,4.927283101643079,1.741862793596494,0,0,1.171389275764267,1.647027334939716,0,4.091601613689235,0
0,0,0,1.399043661358193,0,0.6578009157806947,1.994455986135784,1.853029723167626,3.169069891502271,4.714288016386909,0.8976111752668853,0,0,3.207851787741242,0,0,0,0.4110419600971243,0,0,1.029663820781488,3.28114247557531,0,3.360608536266498,0,0,0,0.4706422852788295,4.48611872413279,0
0.02746960802736509,4.459228469131396,0,0.8602405593747603,0.6578009157806947,0,0,0,3.094834402713522,0,0,0,2.848577034722189,1.203565167705977,3.063362742642207,0,3.814934081117746,0,0,4.015588454468061,0,0,0,0,0.6025157749637194,0,0,0,0,3.705867318136319
0,0,1.700176205716654,4.192441150704741,1.994455986135784,0,0,0,1.672067444114388,0,4.495619307119803,0,0.6215713631112818,0.1679658228723724,1.597084996819479,1.49413861599335,0,2.816582584001561,0,0,0.9502247858659213,0,0.2318815069116248,0,3.908244311345411,0,0.5277742462854779,1.052133696591316,2.906148322182931,0.1054989243942911
0,0,4.682715184862111,0,1.853029723167626,0,0,0,0,0,0,0.6819771969885124,0.05446386779692614,2.455706210358554,3.189603745858947,0,0,0,1.672836301591622,0,0,0,3.962812596770533,0,4.19201304378088,0.08286105104464037,1.426017421663313,1.741329753764584,4.482441136192654,3.355515937900777
0,0,0,3.530389183788688,3.169069891502271,3.094834402713522,1.672067444114388,0,0,0,0,0,3.842170163070841,0,0,0,0,0,0,1.347716026824105,0,0.2814993063847165,0,2.020673129750272,0,1.611915404916995,0,2.462107007808032,0,0.260752546577892
0,0,0,1.299159298354805,4.714288016386909,0,0,0,0,0,2.349743525646204,0,0.4717667405275555,0,3.708042803213955,0,3.221031556806791,0,4.945959793027312,0,2.35299479863508,2.507719381634848,0,0,0,0,2.581013316989259,3.260407628576658,1.590934422573478,3.833840304603335
3.827178953687719,0,0,0,0.8976111752668853,0,4.495619307119803,0,0,2.349743525646204,0,0,0,2.426294049114426,0,2.065760334079418,0,3.962284302488136,3.342874451324719,0,2.657166340610038,0,0,0.6584187539589453,3.628474432248842,0,0.2321298730889615,1.788029757444436,0,0
4.0147391106336,0,3.708456842931911,0.7695725785645707,0,0,0,0.6819771969885124,0,0,0,0,2.077426006412793,2.990026297798453,3.668684544448872,0,0,0.08183227854962616,2.269956967330645,0,4.968674211188509,0.8174897349461813,0.1375555593022126,0,0,2.70741294211657,0,4.739748420877193,2.075086804420947,0
0,1.711714543436537,0,3.339386613394349,0,2.848577034722189,0.6215713631112818,0.05446386779692614,3.842170163070841,0.4717667405275555,0,2.077426006412793,0,0,0,0,4.181148680805576,1.474225153447067,4.403028297287261,0.8977326822221177,0,0,2.690755067972037,0,4.872688148279654,3.275479891840706,1.278144791468212,2.851766696181275,2.625479204046138,0
2.100720802199803,0,0.5110287799596286,3.733837242362175,3.207851787741242,1.203565167705977,0.1679658228723724,2.455706210358554,0,0,2.426294049114426,2.990026297798453,0,0,0,4.134376114188109,0,0,0,0,3.838082933016376,0.5431179333519071,1.625492414161612,1.109345656619571,3.28164041588417,4.420552190787658,0,0,1.358990385889832,0.0578651811311176
0,0,0,3.160408553665641,0,3.063362742642207,1.597084996819479,3.189603745858947,0,3.708042803213955,0,3.668684544448872,0,0,0,0,2.619753976601636,4.189084625392128,1.426167727632578,0,0.3530821155722785,0,2.650448874770713,3.651026642263241,1.444833914837067,3.007397197661514,4.905319271510125,0.7854938907641246,0.2976856001794537,2.025080678961299
0,4.525927340916597,4.86577197419567,4.881761379601828,0,0,1.49413861599335,0,0,0,2.065760334079418,0,0,4.134376114188109,0,0,0,0,0,0,4.397000175002324,2.24988487336962,0,3.13377110909878,0,0,1.592022484183928,4.088230382565202,0,3.93918304096476
2.644691234377119,0,3.612850367730834,0,0,3.814934081117746,0,0,0,3.221031556806791,0,0,4.181148680805576,0,2.619753976601636,0,0,1.103166626259716,0,1.690031469218583,0,0,2.072509627088657,2.220692607393331,0,0,2.665451634807336,4.211397992804413,0,0
0.03447074949390561,2.85976922748956,3.368104351563788,0,0.4110419600971243,0,2.816582584001561,0,0,0,3.962284302488136,0.08183227854962616,1.474225153447067,0,4.189084625392128,0,1.103166626259716,0,0,0.9855916640266488,1.912027293973712,3.265621468434514,0,0,0,0,0.4266718839456862,0,0,2.03619296229513
0,3.731844719739341,0,4.143652534439476,0,0,0,1.672836301591622,0,4.945959793027312,3.342874451324719,2.269956967330645,4.403028297287261,0,1.426167727632578,0,0,0,0,1.429745224937393,1.412790751486115,0,0.1212182327972378,0,0,3.927455877957176,3.81018795029144,0,0,4.277918412548253
0,0.09583332720139892,0,4.990841356423338,0,4.015588454468061,0,0,1.347716026824105,0,0,0,0.8977326822221177,0,0,0,1.690031469218583,0.9855916640266488,1.429745224937393,0,0,4.009334913995003,0,0,0,2.649876358981893,0,2.01241485412567,0.8263382322071938,0
0,0,0,1.537458093168098,1.029663820781488,0,0.9502247858659213,0,0,2.35299479863508,2.657166340610038,4.968674211188509,0,3.838082933016376,0.3530821155722785,4.397000175002324,0,1.912027293973712,1.412790751486115,0,0,3.44362789177564,0,3.911120684106122,3.478741646981143,2.025787600951421,0.9792861863757713,0,0,0
0,0,0,4.927283101643079,3.28114247557531,0,0,0,0.2814993063847165,2.507719381634848,0,0.8174897349461813,0,0.5431179333519071,0,2.24988487336962,0,3.265621468434514,0,4.009334913995003,3.44362789177564,0,1.767448681692811,0.008773768221757017,3.303703133631802,0,0.5354599940777655,0.1764636429629851,0,0
3.707970284903356,0,1.925379393836167,1.741862793596494,0,0,0.2318815069116248,3.962812596770533,0,0,0,0.1375555593022126,2.690755067972037,1.625492414161612,2.650448874770713,0,2.072509627088657,0,0.1212182327972378,0,0,1.767448681692811,0,0,0,4.17627305105818,0,1.430744685916773,0,3.282050602035631
0,2.106369652708413,0,0,3.360608536266498,0,0,0,2.020673129750272,0,0.6584187539589453,0,0,1.109345656619571,3.651026642263241,3.13377110909878,2.220692607393331,0,0,0,3.911120684106122,0.008773768221757017,0,0,0,0,3.098865612797221,0.2753459993256746,1.533077314917371,3.11457277499296
0,1.344744397893257,0,0,0,0.6025157749637194,3.908244311345411,4.19201304378088,0,0,3.628474432248842,0,4.872688148279654,3.28164041588417,1.444833914837067,0,0,0,0,0,3.478741646981143,3.303703133631802,0,0,0,2.902016727207274,0,0.9263018404766954,0,2.34817831094252
0,2.216604466878505,4.376492151841116,1.171389275764267,0,0,0,0.08286105104464037,1.611915404916995,0,0,2.70741294211657,3.275479891840706,4.420552190787658,3.007397197661514,0,0,0,3.927455877957176,2.649876358981893,2.025787600951421,0,4.17627305105818,0,2.902016727207274,0,0.3627825573869586,0,2.092862271397393,0.9442249235659927
3.050742751669793,0.9917529163803968,0,1.647027334939716,0,0,0.5277742462854779,1.426017421663313,0,2.581013316989259,0.2321298730889615,0,1.278144791468212,0,4.905319271510125,1.592022484183928,2.665451634807336,0.4266718839456862,3.81018795029144,0,0.9792861863757713,0.5354599940777655,0,3.098865612797221,0,0.3627825573869586,0,0,1.819078976056879,1.508763880586934
0,0,0,0,0.4706422852788295,0,1.052133696591316,1.741329753764584,2.462107007808032,3.260407628576658,1.788029757444436,4.739748420877193,2.851766696181275,0,0.7854938907641246,4.088230382565202,4.211397992804413,0,0,2.01241485412567,0,0.1764636429629851,1.430744685916773,0.2753459993256746,0.9263018404766954,0,0,0,0,0
0,1.776383400890332,0,4.091601613689235,4.48611872413279,0,2.906148322182931,4.482441136192654,0,1.590934422573478,0,2.075086804420947,2.625479204046138,1.358990385889832,0.2976856001794537,0,0,0,0,0.8263382322071938,0,0,0,1.533077314917371,0,2.092862271397393,1.819078976056879,0,0,3.181816849412376
0,0.2435874000209221,0.8623514070422217,0,0,3.705867318136319,0.1054989243942911,3.355515937900777,0.260752546577892,3.833840304603335,0,0,0,0.0578651811311176,2.025080678961299,3.93918304096476,0,2.03619296229513,4.277918412548253,0,0,0,3.282050602035631,3.11457277499296,2.34817831094252,0.9442249235659927,1.508763880586934,0,3.181816849412376,0
0,0,1.069856468497962,0.223115072884339,0,0.8143395700667633,0,0,0,0,3.956694797856198,4.550983108173459,0,1.228602949904012,0,0,3.344218653461478,0.3146682683925017,0,0,0,0,4.67818700758898,0,0,0,2.181170865041038,0,0,0
0,0,2.561412629482632,0,0,2.104124201429161,0,0,0,0,0,0,2.831524430362424,0,0,1.322644194176231,0,2.010543219289747,4.007178051974222,2.213046915937019,0,0,0,1.927498330502708,0.968109913286278,0.5860271507735682,1.969631576153909,0,4.316744656641714,4.894224568848545
1.069856468497962,2.561412629482632,0,2.630555862559966,0,0,3.319478224606331,4.031046409771844,0,0,0,0.3830278147530547,0,2.902324018568318,0,1.398252182481336,0.01300594138009259,0.6972954896122441,0,0,0,0,4.716171032044808,0,0,1.890497558327386,0,0,0,4.66500783324293
0.223115072884339,0,2.630555862559966,0,3.900435216298798,0.8504908266459937,1.736985739665243,0,4.788463765770957,1.770192130688262,0,2.626268420797778,1.432945736495478,3.476657034871014,3.410737232868556,1.656022137925082,0,0,2.424763813742224,4.512370941498643,2.056182266854671,3.493855069344285,1.045667411191059,0,0,2.486763200705108,0.006720307670152192,0,0.4267099033244676,0
0,0,0,3.900435216298798,0,2.198098057732363,1.244418447565352,3.193939426684858,4.648346740371724,3.706031977749669,0.174656358839867,0,0,4.145316834648723,0,0,0,2.99063656663273,0,0,4.900927290187919,1.423468164544892,0,0.5689490372553208,0,0,0,3.426578109644089,4.411682809628309,0
0.8143395700667633,2.104124201429161,0,0.8504908266459937,2.198098057732363,0,0,0,2.048935436185305,0,0,0,3.893882388617763,1.154549180091504,1.718962106448538,0,1.896935513416983,0,0,4.383184301643563,0,0,0,0,3.596266996481753,0,0,0,0,0.4382186114764286
0,0,3.319478224606331,1.736985739665243,1.244418447565352,0,0,0,2.215164695814583,0,3.878419498387188,0,0.9636915483530017,3.078119484645324,4.240649168543646,2.047812893955548,0,0.9394930930472511,0,0,0.8231023196677867,0,0.1466349479481743,0,1.209578940058244,0,2.656446360535634,2.35573115138229,0.3530196362592647,2.561367762977078
0,0,4.031046409771844,0,3.193939426684858,0,0,0,0,0,0,4.072902028241297,4.098702018882995,2.017302027946704,3.625298775319865,0,0,0,1.525270105825532,0,0,0,2.935343905340066,0,3.147620264255506,2.373550018064905,0.6635183098812902,2.992437809662802,2.137139789232541,4.699191271688567
0,0,0,4.788463765770957,4.648346740371724,2.048935436185305,2.215164695814583,0,0,0,0,0,2.666563213533402,0,0,0,0,0,0,2.160017954624862,0,3.200281266880775,0,1.099206593762922,0,2.987183950338753,0,3.086943819773722,0,2.185412405584466
0,0,0,1.770192130688262,3.706031977749669,0,0,0,0,0,3.955852629403951,0,2.747839380934074,0,3.311076802237688,0,1.179384503250457,0,3.616818484527104,0,3.370608395045316,0.5136583812551165,0,0,0,0,3.983334434619438,3.006730471274143,4.778018267170581,3.073145971620658
3.956694797856198,0,0,0,0.174656358839867,0,3.878419498387188,0,0,3.955852629403951,0,0,0,3.059360883993076,0,2.010877862227222,0,4.189502245477205,2.108864044740648,0,0.1257775457751237,0,0,4.015420016049652,4.232647016428287,0,2.617980359606153,0.1266188905562787,0,0
4.550983108173459,0,0.3830278147530547,2.626268420797778,0,0,0,4.072902028241297,0,0,0,0,3.7716669219809,2.250098659409842,4.081226386365763,0,0,0.645885783011117,4.919645229853743,0,2.127861338363655,1.619810264064884,3.068586292100638,0,0,2.607034609026475,0,2.726209650947642,1.903239903944767,0
0,2.831524430362424,0,1.432945736495478,0,3.893882388617763,0.9636915483530017,4.098702018882995,2.666563213533402,2.747839380934074,0,3.7716669219809,0,0,0,0,1.449878412754689,4.749544231792584,3.095404283378973,1.416700676573215,0,0,1.357569978124464,0,1.427424086152502,2.31528912835712,4.559500457986187,2.419124415919432,2.233951223572885,0
1.228602949904012,0,2.902324018568318,3.476657034871014,4.145316834648723,1.154549180091504,3.078119484645324,2.017302027946704,0,0,3.059360883993076,2.250098659409842,0,0,0,4.730346619886785,0,0,0,0,4.635926012694976,4.170746709692631,1.336424360486032,3.740904495863781,1.639530259723939,1.226565169694843,0,0,3.768686656993909,4.646176009504642
0,0,0,3.410737232868556,0,1.718962106448538,4.240649168543646,3.625298775319865,0,3.311076802237688,0,4.081226386365763,0,0,0,0,3.039002304467886,1.214884420719588,0.04725242467583213,0,3.286092875501812,0,3.691257635067566,3.973567034429646,0.7152857557622688,2.324860238295538,0.334819828619245,3.128016801614868,4.598812235942584,0.2854097918256232
0,1.322644194176231,1.398252182481336,1.656022137925082,0,0,2.047812893955548,0,0,0,2.010877862227222,0,0,4.730346619886785,0,0,0,0,0,0,3.862440092547939,4.166202043317471,0,2.999318049568244,0,0,2.469290876532446,2.119477353432454,0,1.207161111641367
3.344218653461478,0,0.01300594138009259,0,0,1.896935513416983,0,0,0,1.179384503250457,0,0,1.449878412754689,0,3.039002304467886,0,0,0.8131852723609662,0,4.949617534683913,0,0,0.4183220303055107,1.627912547356663,0,0,1.031615901749781,3.939854348248971,0,0
0.3146682683925017,2.010543219289747,0.6972954896122441,0,2.99063656663273,0,0.9394930930472511,0,0,0,4.189502245477205,0.645885783011117,4.749544231792584,0,1.214884420719588,0,0.8131852723609662,0,0,0.7176054528065451,0.9503999088561932,0.3098079782433272,0,0,0,0,2.485703796623583,0,0,4.601519300622673
0,4.007178051974222,0,2.424763813742224,0,0,0,1.525270105825532,0,3.616818484527104,2.108864044740648,4.919645229853743,3.095404283378973,0,0.04725242467583213,0,0,0,0,0.4865657880198476,4.269965062845777,0,3.645436525520259,0,0,0.9150268961926394,4.671623897199017,0,0,4.559646774615041
0,2.213046915937019,0,4.512370941498643,0,4.383184301643563,0,0,2.160017954624862,0,0,0,1.416700676573215,0,0,0,4.949617534683913,0.7176054528065451,0.4865657880198476,0,0,2.317094773506401,0,0,0,4.736782256913711,0,0.7704551688626704,0.3973707843388441,0
0,0,0,2.056182266854671,4.900927290187919,0,0.8231023196677867,0,0,3.370608395045316,0.1257775457751237,2.127861338363655,0,4.635926012694976,3.286092875501812,3.862440092547939,0,0.9503999088561932,4.269965062845777,0,0,2.980109459721513,0,0.0581852922593612,3.474497029034083,0.653059510004787,1.493557342228538,0,0,0
0,0,0,3.493855069344285,1.423468164544892,0,0,0,3.200281266880775,0.5136583812551165,0,1.619810264064884,0,4.170746709692631,0,4.166202043317471,0,0.3098079782433272,0,2.317094773506401,2.980109459721513,0,3.205302074290168,0.4811076905333173,4.231211737981064,0,1.262495280967854,3.913032954202579,0,0
4.67818700758898,0,4.716171032044808,1.045667411191059,0,0,0.1466349479481743,2.935343905340066,0,0,0,3.068586292100638,1.357569978124464,1.336424360486032,3.691257635067566,0,0.4183220303055107,0,3.645436525520259,0,0,3.205302074290168,0,0,0,4.451083356266524,0,0.1539538898485732,0,4.812367721275425
0,1.927498330502708,0,0,0.5689490372553208,0,0,0,1.099206593762922,0,4.015420016049652,0,0,3.740904495863781,3.973567034429646,2.999318049568244,1.627912547356663,0,0,0,0.0581852922593612,0.4811076905333173,0,0,0,0,4.397234206800736,4.692809574048995,0.5785944425537937,4.21046394436614
0,0.968109913286278,0,0,0,3.596266996481753,1.209578940058244,3.147620264255506,0,0,4.232647016428287,0,1.427424086152502,1.639530259723939,0.7152857557622688,0,0,0,0,0,3.474497029034083,4.231211737981064,0,0,0,4.972612115652698,0,2.679822208540425,0,1.851593628318415
0,0.5860271507735682,1.890497558327386,2.486763200705108,0,0,0,2.373550018064905,2.987183950338753,0,0,2.607034609026475,2.31528912835712,1.226565169694843,2.324860238295538,0,0,0,0.9150268961926394,4.736782256913711,0.653059510004787,0,4.451083356266524,0,4.972612115652698,0,3.177176264551564,0,2.633512770624812,2.03239798821744
2.181170865041038,1.969631576153909,0,0.006720307670152192,0,0,2.656446360535634,0.6635183098812902,0,3.983334434619438,2.617980359606153,0,4.559500457986187,0,0.334819828619245,2.469290876532446,1.031615901749781,2.485703796623583,4.671623897199017,0,1.493557342228538,1.262495280967854,0,4.397234206800736,0,3.177176264551564,0,0,3.914482863093725,1.480558567629162
0,0,0,0,3.426578109644089,0,2.35573115138229,2.992437809662802,3.086943819773722,3.006730471274143,0.1266188905562787,2.726209650947642,2.419124415919432,0,3.128016801614868,2.119477353432454,3.939854348248971,0,0,0.7704551688626704,0,3.913032954202579,0.1539538898485732,4.692809574048995,2.679822208540425,0,0,0,0,0
0,4.316744656641714,0,0.4267099033244676,4.411682809628309,0,0.3530196362592647,2.137139789232541,0,4.778018267170581,0,1.903239903944767,2.233951223572885,3.768686656993909,4.598812235942584,0,0,0,0,0.3973707843388441,0,0,0,0.5785944425537937,0,2.633512770624812,3.914482863093725,0,0,2.909025838937774
0,4.894224568848545,4.66500783324293,0,0,0.4382186114764286,2.561367762977078,4.699191271688567,2.185412405584466,3.073145971620658,0,0,0,4.646176009504642,0.2854097918256232,1.207161111641367,0,4.601519300622673,4.559646774615041,0,0,0,4.812367721275425,4.21046394436614,1.851593628318415,2.03239798821744,1.480558567629162,0,2.909025838937774,0
0,0,4.830836344184703,3.954128170842315,0,1.311630262745755,0,0,0,0,1.232804302780948,4.560618476366552,0,2.40061005007523,0,0,2.416687937094056,4.600124838972198,0,0,0,0,1.626550073027703,0,0,0,0.4053427894951789,0,0,0
0,0,4.275167042186668,0,0,2.000906720068123,0,0,0,0,0,0,3.272561855430972,0,0,4.749129404632781,0,4.673505847079101,1.683624893540846,4.535877155273371,0,0,0,1.903318895898634,0.320743947822375,1.899706103647219,1.701211303190948,0,1.720074905585898,3.161629319265802
4.830836344184703,4.275167042186668,0,4.250554989653506,0,0,3.636805325142582,4.845424635567108,0,0,0,3.935832330228886,0,4.817441402859155,0,2.656964825198017,1.028068636713432,1.894134419736479,0,0,0,0,0.8350059921224895,0,0,4.42255759771486,0,0,0,0.281083846167578
3.954128170842315,0,4.250554989653506,0,4.814206080187918,3.381713969065172,3.747049398934956,0,4.699384689055338,0.9336906803662265,0,1.416198938728401,0.7122078137550353,3.386586253207217,4.041084114533263,3.118546170675088,0,0,3.298846319764317,0.07377749176015969,4.081700992706654,0.4496590634981146,3.401827571759108,0,0,3.952907754654735,2.90322025112865,0,1.164180465820219,0
0,0,0,4.814206080187918,0,4.68597787761957,4.676661904573313,4.448395432866734,0.3143812794659917,3.505394335028011,3.85663356930819,0,0,1.943810968082633,0,0,0,0.1459308919968416,0,0,2.188871400666437,3.222831123676444,0,4.801137464087481,0,0,0,2.062202410826695,1.675862128684346,0
1.311630262745755,2.000906720068123,0,3.381713969065172,4.68597787761957,0,0,0,1.292142226483223,0,0,0,2.951207745338813,0.05994191099749913,3.451694457320409,0,3.429781378319117,0,0,0.4373703377202065,0,0,0,0,0.8092705187465377,0,0,0,0,2.352128542408239
0,0,3.636805325142582,3.747049398934956,4.676661904573313,0,0,0,0.4956902835974414,0,4.187251177910452,0,2.44309769727617,0.560924328787798,2.468234107143372,2.930448531374371,0,1.077478143743051,0,0,2.5351572151262,0,2.872222456479656,0,2.917981511346563,0,3.105958286478277,0.2495692077467548,1.871231557301795,2.037760726190263
0,0,4.845424635567108,0,4.448395432866734,0,0,0,0,0,0,4.305441774641406,0.1713382707832845,4.387200488919127,4.473238061931276,0,0,0,4.094392763809843,0,0,0,0.3959581046297939,0,4.327453249063801,4.720592848838906,0.0006627177272278129,3.656958527264189,0.8792301668294,2.425773455907075
0,0,0,4.699384689055338,0.3143812794659917,1.292142226483223,0.4956902835974414,0,0,0,0,0,0.3419010820962426,0,0,0,0,0,0,4.652561711714694,0,4.446323148972303,0,4.332482928025118,0,1.053235766587742,0,1.59726555630971,0,1.093648199752485
0,0,0,0.9336906803662265,3.505394335028011,0,0,0,0,0,2.093844773530391,0,4.577625632850141,0,0.535441997798749,0,3.102868179182207,0,1.984723656454114,0,3.785897786897057,1.821799550227428,0,0,0,0,2.882977838876392,3.988971638948781,0.1447985889534775,4.662164413057101
1.232804302780948,0,0,0,3.85663356930819,0,4.187251177910452,0,0,2.093844773530391,0,0,0,0.05610227221648667,0,4.763434626080707,0,3.436791997018482,3.513835868044946,0,1.241776237739921,0,0,1.522015299650556,2.769000370079334,0,1.163518146485341,4.168898046056815,0,0
4.560618476366552,0,3.935832330228886,1.416198938728401,0,0,0,4.305441774641406,0,0,0,0,3.466567487012049,0.8127509024038032,2.667400304279067,0,0,2.965873525846042,1.299807083807903,0,2.165764956629668,4.045061246348907,2.118059816618783,0,0,4.709082878970285,0,1.526593924762929,0.5228977961181647,0
0,3.272561855430972,0,0.7122078137550353,0,2.951207745338813,2.44309769727617,0.1713382707832845,0.3419010820962426,4.577625632850141,0,3.466567487012049,0,0,0,0,4.790375017166244,0.8670993338832089,4.469703807562585,0.6792741750092463,0,0,1.891284902254111,0,4.745405004754113,2.786585238575184,2.785580697403983,3.22494876517267,3.191809874483424,0
2.40061005007523,0,4.817441402859155,3.386586253207217,1.943810968082633,0.05994191099749913,0.560924328787798,4.387200488919127,0,0,0.05610227221648667,0.8127509024038032,0,0,0,3.153019560668433,0,0,0,0,3.784770247435553,0.7590750639443311,3.946498758056767,1.290769516468047,2.377499315839235,4.791009534792282,0,0,3.29165962346632,3.467087702682241
0,0,0,4.041084114533263,0,3.451694457320409,2.468234107143372,4.473238061931276,0,0.535441997798749,0,2.667400304279067,0,0,0,0,3.801574687557027,0.09742027972487965,1.464748576842151,0,2.598297180153797,0,1.372842272810217,2.867848109557114,1.540665615658208,4.077103216658916,0.9762873252331961,4.629166618904414,0.8586226266366204,3.151684974628909
0,4.749129404632781,2.656964825198017,3.118546170675088,0,0,2.930448531374371,0,0,0,4.763434626080707,0,0,3.153019560668433,0,0,0,0,0,0,0.1791644628698447,3.383372924016316,0,1.053180745944914,0,0,3.143343208498222,4.08988266724776,0,3.479877737767845
2.416687937094056,0,1.028068636713432,0,0,3.429781378319117,0,0,0,3.102868179182207,0,0,4.790375017166244,0,3.801574687557027,0,0,1.998200250465186,0,0.7417962518070342,0,0,2.935533603230878,2.829618448219874,0,0,0.784836226295984,2.681856040514324,0,0
4.600124838972198,4.673505847079101,1.894134419736479,0,0.1459308919968416,0,1.077478143743051,0,0,0,3.436791997018482,2.965873525846042,0.8670993338832089,0,0.09742027972487965,0,1.998200250465186,0,0,3.836899754121154,4.961956668902268,0.7652039476991301,0,0,0,0,3.884493790316284,0,0,1.784496540994496
0,1.683624893540846,0,3.298846319764317,0,0,0,4.094392763809843,0,1.984723656454114,3.513835868044946,1.299807083807903,4.469703807562585,0,1.464748576842151,0,0,0,0,4.156092098289627,4.506639907621357,0,2.331598654619863,0,0,0.7044292382486655,3.975899791108172,0,0,1.756651508610761
0,4.535877155273371,0,0.07377749176015969,0,0.4373703377202065,0,0,4.652561711714694,0,0,0,0.6792741750092463,0,0,0,0.7417962518070342,3.836899754121154,4.156092098289627,0,0,4.262113145321985,0,0,0,1.583403836264216,0,2.80583939074354,2.544472896452542,0
0,0,0,4.081700992706654,2.188871400666437,0,2.5351572151262,0,0,3.785897786897057,1.241776237739921,2.165764956629668,0,3.784770247435553,2.598297180153797,0.1791644628698447,0,4.961956668902268,4.506639907621357,0,0,1.073698953831652,0,1.108530738249103,4.266808939291727,0.7977820223112919,4.878575530968861,0,0,0
0,0,0,0.4496590634981146,3.222831123676444,0,0,0,4.446323148972303,1.821799550227428,0,4.045061246348907,0,0.7590750639443311,0,3.383372924016316,0,0.7652039476991301,0,4.262113145321985,1.073698953831652,0,3.857945227093682,2.108375124865579,0.4357179792666982,0,2.194653414040477,0.009019926264229872,0,0
1.626550073027703,0,0.8350059921224895,3.401827571759108,0,0,2.872222456479656,0.3959581046297939,0,0,0,2.118059816618783,1.891284902254111,3.946498758056767,1.372842272810217,0,2.935533603230878,0,2.331598654619863,0,0,3.857945227093682,0,0,0,4.662944986762154,0,1.422254630367931,0,1.978800175875822
0,1.903318895898634,0,0,4.801137464087481,0,0,0,4.332482928025118,0,1.522015299650556,0,0,1.290769516468047,2.867848109557114,1.053180745944914,2.829618448219874,0,0,0,1.108530738249103,2.108375124865579,0,0,0,0,1.535570629141724,0.2898069637845552,4.777741829491215,1.890209987429469
0,0.320743947822375,0,0,0,0.8092705187465377,2.917981511346563,4.327453249063801,0,0,2.769000370079334,0,4.745405004754113,2.377499315839235,1.540665615658208,0,0,0,0,0,4.266808939291727,0.4357179792666982,0,0,0,0.8293370672301192,0,2.86848174301669,0,0.3781834251115151
0,1.899706103647219,4.42255759771486,3.952907754654735,0,0,0,4.720592848838906,1.053235766587742,0,0,4.709082878970285,2.786585238575184,4.791009534792282,4.077103216658916,0,0,0,0.7044292382486655,1.583403836264216,0.7977820223112919,0,4.662944986762154,0,0.8293370672301192,0,4.043108597121462,0,3.45471797755113,3.469773402595147
0.4053427894951789,1.701211303190948,0,2.90322025112865,0,0,3.105958286478277,0.0006627177272278129,0,2.882977838876392,1.163518146485341,0,2.785580697403983,0,0.9762873252331961,3.143343208498222,0.784836226295984,3.884493790316284,3.975899791108172,0,4.878575530968861,2.194653414040477,0,1.535570629141724,0,4.043108597121462,0,0,1.641617596566474,1.126027147019815
0,0,0,0,2.062202410826695,0,0.2495692077467548,3.656958527264189,1.59726555630971,3.988971638948781,4.168898046056815,1.526593924762929,3.22494876517267,0,4.629166618904414,4.08988266724776,2.681856040514324,0,0,2.80583939074354,0,0.009019926264229872,1.422254630367931,0.2898069637845552,2.86848174301669,0,0,0,0,0
0,1.720074905585898,0,1.164180465820219,1.675862128684346,0,1.871231557301795,0.8792301668294,0,0.1447985889534775,0,0.5228977961181647,3.191809874483424,3.29165962346632,0.8586226266366204,0,0,0,0,2.544472896452542,0,0,0,4.777741829491215,0,3.45471797755113,1.641617596566474,0,0,4.873667583891889
0,3.161629319265802,0.281083846167578,0,0,2.352128542408239,2.037760726190263,2.425773455907075,1.093648199752485,4.662164413057101,0,0,0,3.467087702682241,3.151684974628909,3.479877737767845,0,1.784496540994496,1.756651508610761,0,0,0,1.978800175875822,1.890209987429469,0.3781834251115151,3.469773402595147,1.126027147019815,0,4.873667583891889,0
0,0,2.421944862116163,0.2557533054484856,0,0.194349151813164,0,0,0,0,0.9990332556366249,3.147680886652313,0,3.344862115663996,0,0,1.663435024729537,4.530818472322434,0,0,0,0,3.729957219772004,0,0,0,1.419786190093779,0,0,0
0,0,2.327207733797633,0,0,2.769670589844457,0,0,0,0,0,0,3.262505768883695,0,0,3.693644896653076,0,1.802671157996848,2.820465030473563,0.2233481193663461,0,0,0,1.40364181435688,2.126871586882762,3.82416442561226,1.78238884966615,0,2.284406907102362,0.3631690612605332
2.421944862116163,2.327207733797633,0,4.08015462409819,0,0,1.11506800277361,2.6211746110183,0,0,0,0.9674749749052547,0,4.224363245700991,0,4.653463288084883,1.301845943366595,3.391814705878242,0,0,0,0,4.625020295860797,0,0,2.673869350740782,0,0,0,1.00862070871438
0.2557533054484856,0,4.08015462409819,0,3.441224183264026,2.847972154533345,4.697064163689318,0,4.168787674368443,1.753283670542989,0,3.574330572544755,1.229376176342018,1.41199913875741,1.398310690918117,2.635303592530027,0,0,2.28200540956754,3.9025746439474,1.841273737156084,2.353687632404481,1.777118964740492,0,0,1.901163089629659,0.8591903448199506,0,1.230230162413586,0
0,0,0,3.441224183264026,0,2.851119302867387,2.244509507173432,2.414711668779343,1.53469455829722,3.723590745128524,2.702630596692229,0,0,0.8420610894049219,0,0,0,2.274544488439521,0,0,4.175978871199471,1.317905892861323,0,0.5969156048372232,0,0,0,0.5589436135412834,2.135009642253775,0
0.194349151813164,2.769670589844457,0,2.847972154533345,2.851119302867387,0,0,0,2.083730799400866,0,0,0,0.5533173174725609,0.6623731291122836,1.16779485201329,0,3.494363366096879,0,0,3.339568124518515,0,0,0,0,0.6008007497648304,0,0,0,0,1.464148050417606
0,0,1.11506800277361,4.697064163689318,2.244509507173432,0,0,0,3.575756026339353,0,1.722103529401647,0,2.035052020513208,0.2530107908918117,0.5741763910442188,1.578107824891572,0,2.426534476821304,0,0,2.54119136607936,0,1.702020828292353,0,1.00927845236829,0,1.401708766374831,2.479657588526244,0.1679481115984222,1.099185368482285
0,0,2.6211746110183,0,2.414711668779343,0,0,0,0,0,0,2.764709128456305,2.580801604876335,3.54091463433325,3.839935022740661,0,0,0,4.91024472687101,0,0,0,0.9645099471184854,0,1.081447958405379,2.293102713698411,1.589803552525028,4.354081816272023,1.474491734957661,2.590439204866982
0,0,0,4.168787674368443,1.53469455829722,2.083730799400866,3.575756026339353,0,0,0,0,0,0.9979211608679428,0,0,0,0,0,0,2.53942654270148,0,1.738615963479211,0,3.445115345386571,0,0.9480911358898758,0,1.512495439972132,0,4.591694953288398
0,0,0,1.753283670542989,3.723590745128524,0,0,0,0,0,3.697648751651484,0,2.610057894027783,0,4.180864603545628,0,0.3949113626005213,0,2.953649079364917,0,0.9104989529109875,4.104010121517536,0,0,0,0,0.3343698002074896,3.052232832199141,1.985894033665758,3.90788373955848
0.9990332556366249,0,0,0,2.702630596692229,0,1.722103529401647,0,0,3.697648751651484,0,0,0,3.842757588842179,0,1.675490879204746,0,0.4071705002839804,2.353483179371005,0,3.618402420679423,0,0,1.714231041799867,4.211983723931642,0,4.516369520226013,1.815989066704145,0,0
3.147680886652313,0,0.9674749749052547,3.574330572544755,0,0,0,2.764709128456305,0,0,0,0,3.853220055040426,3.824603669788565,2.804166982257709,0,0,3.608936846402914,3.453345711901656,0,1.692227835237959,1.094784488518396,3.226478596567434,0,0,3.187506182438826,0,0.4425799202483149,2.94806112304513,0
0,3.262505768883695,0,1.229376176342018,0,0.5533173174725609,2.035052020513208,2.580801604876335,0.9979211608679428,2.610057894027783,0,3.853220055040426,0,0,0,0,3.615241671599708,0.004522994265293012,1.04526650954911,2.817477530340809,0,0,2.560732863867709,0,3.03802655282176,3.715168218629645,3.693424434465136,1.091021880811879,1.535688935625686,0
3.344862115663996,0,4.224363245700991,1.41199913875741,0.8420610894049219,0.6623731291122836,0.2530107908918117,3.54091463433325,0,0,3.842757588842179,3.824603669788565,0,0,0,2.567011091723823,0,0,0,0,1.66249105193081,4.279380580110137,3.083067214051638,0.9955698839974081,0.08120911857243895,2.261483499316808,0,0,1.418550629307203,4.106185124035165
0,0,0,1.398310690918117,0,1.16779485201329,0.5741763910442188,3.839935022740661,0,4.180864603545628,0,2.804166982257709,0,0,0,0,0.8193126530705447,3.03739326950166,3.332422532983903,0,4.737648192517824,0,1.190178249329329,1.808450739576882,1.737206498059962,1.610624556733385,2.117029806823808,4.915985629912435,0.4402320882694216,1.072906128223777
0,3.693644896653076,4.653463288084883,2.635303592530027,0,0,1.578107824891572,0,0,0,1.675490879204746,0,0,2.567011091723823,0,0,0,0,0,0,2.771581646447292,0.4331453188817042,0,1.269574159011461,0,0,3.765731502870713,2.222479433275506,0,0.07628754626346046
1.663435024729537,0,1.301845943366595,0,0,3.494363366096879,0,0,0,0.3949113626005213,0,0,3.615241671599708,0,0.8193126530705447,0,0,0.1019747053150521,0,4.256438336601765,0,0,3.196332320122458,0.07611357543655162,0,0,2.011197598813342,0.009151919360646521,0,0
4.530818472322434,1.802671157996848,3.391814705878242,0,2.274544488439521,0,2.426534476821304,0,0,0,0.4071705002839804,3.608936846402914,0.004522994265293012,0,3.03739326950166,0,0.1019747053150521,0,0,3.26361554754454,3.399684015634031,3.778268961472659,0,0,0,0,0.6690896122132428,0,0,0.5625461661450692
0,2.820465030473563,0,2.28200540956754,0,0,0,4.91024472687101,0,2.953649079364917,2.353483179371005,3.453345711901656,1.04526650954911,0,3.332422532983903,0,0,0,0,1.575102182356765,4.188770810265244,0,2.955968827514714,0,0,0.2787232506482218,2.271306951897821,0,0,1.86181218484382
0,0.2233481193663461,0,3.9025746439474,0,3.339568124518515,0,0,2.53942654270148,0,0,0,2.817477530340809,0,0,0,4.256438336601765,3.26361554754454,1.575102182356765,0,0,3.128239967822098,0,0,0,2.890827034696844,0,4.746627476384975,0.4652013127848342,0
0,0,0,1.841273737156084,4.175978871199471,0,2.54119136607936,0,0,0.9104989529109875,3.618402420679423,1.692227835237959,0,1.66249105193081,4.737648192517824,2.771581646447292,0,3.399684015634031,4.188770810265244,0,0,2.675846414912126,0,0.3353589912351962,1.472941112413153,4.083219514966251,0.8265802242820947,0,0,0
0,0,0,2.353687632404481,1.317905892861323,0,0,0,1.738615963479211,4.104010121517536,0,1.094784488518396,0,4.279380580110137,0,0.4331453188817042,0,3.778268961472659,0,3.128239967822098,2.675846414912126,0,3.385402902299721,1.175569900926227,2.114379101596353,0,2.935898657499886,1.922576642399167,0,0
3.729957219772004,0,4.625020295860797,1.777118964740492,0,0,1.702020828292353,0.9645099471184854,0,0,0,3.226478596567434,2.560732863867709,3.083067214051638,1.190178249329329,0,3.196332320122458,0,2.955968827514714,0,0,3.385402902299721,0,0,0,0.6468030852315687,0,0.5659688945382374,0,2.059647858496011
0,1.40364181435688,0,0,0.5969156048372232,0,0,0,3.445115345386571,0,1.714231041799867,0,0,0.9955698839974081,1.808450739576882,1.269574159011461,0.07611357543655162,0,0,0,0.3353589912351962,1.175569900926227,0,0,0,0,3.130978921571396,1.245724890580074,4.120739819777876,4.49340875886543
0,2.126871586882762,0,0,0,0.6008007497648304,1.00927845236829,1.081447958405379,0,0,4.211983723931642,0,3.03802655282176,0.08120911857243895,1.737206498059962,0,0,0,0,0,1.472941112413153,2.114379101596353,0,0,0,3.544114578555199,0,3.024694338304295,0,0.8497853589011012
0,3.82416442561226,2.673869350740782,1.901163089629659,0,0,0,2.293102713698411,0.9480911358898758,0,0,3.187506182438826,3.715168218629645,2.261483499316808,1.610624556733385,0,0,0,0.2787232506482218,2.890827034696844,4.083219514966251,0,0.6468030852315687,0,3.544114578555199,0,1.605491621396842,0,0.2732866184906119,4.147402237446801
1.419786190093779,1.78238884966615,0,0.8591903448199506,0,0,1.401708766374831,1.589803552525028,0,0.3343698002074896,4.516369520226013,0,3.693424434465136,0,2.117029806823808,3.765731502870713,2.011197598813342,0.6690896122132428,2.271306951897821,0,0.8265802242820947,2.935898657499886,0,3.130978921571396,0,1.605491621396842,0,0,0.7835373981396859,2.527208810308447
0,0,0,0,0.5589436135412834,0,2.479657588526244,4.354081816272023,1.512495439972132,3.052232832199141,1.815989066704145,0.4425799202483149,1.091021880811879,0,4.915985629912435,2.222479433275506,0.009151919360646521,0,0,4.746627476384975,0,1.922576642399167,0.5659688945382374,1.245724890580074,3.024694338304295,0,0,0,0,0
0,2.284406907102362,0,1.230230162413586,2.135009642253775,0,0.1679481115984222,1.474491734957661,0,1.985894033665758,0,2.94806112304513,1.535688935625686,1.418550629307203,0.4402320882694216,0,0,0,0,0.4652013127848342,0,0,0,4.120739819777876,0,0.2732866184906119,0.7835373981396859,0,0,2.648191178422992
0,0.3631690612605332,1.00862070871438,0,0,1.464148050417606,1.099185368482285,2.590439204866982,4.591694953288398,3.90788373955848,0,0,0,4.106185124035165,1.072906128223777,0.07628754626346046,0,0.5625461661450692,1.86181218484382,0,0,0,2.059647858496011,4.49340875886543,0.8497853589011012,4.147402237446801,2.527208810308447,0,2.648191178422992,0
0,0,0.3123405053842099,1.482129238647465,0,3.410322355158166,0,0,0,0,1.834695290885917,0.6574689737975303,0,4.261878935755636,0,0,1.294008265806592,4.157685626547821,0,0,0,0,4.364491120380103,0,0,0,0.3661340217485265,0,0,0
0,0,1.324242988817891,0,0,2.981297191253865,0,0,0,0,0,0,3.504283551372565,0,0,0.0223057402108251,0,4.738570044769081,4.276330352066048,4.725954021363608,0,0,0,0.8995619212535078,3.510734945341922,4.591841458899322,1.86519944815539,0,1.190444558854061,1.059120058949942
0.3123405053842099,1.324242988817891,0,0.6606523545562298,0,0,2.777270159304207,0.5643446755700476,0,0,0,2.654638520950851,0,3.765534493623488,0,0.833312031297157,0.3997735173242323,2.579625461948902,0,0,0,0,3.771686837896596,0,0,4.463013676506734,0,0,0,2.541260324882529
1.482129238647465,0,0.6606523545562298,0,2.492112801022459,2.758352505936816,3.340409193634517,0,0.7762066040927096,0.9485926756686086,0,3.671946424601622,3.459485067556084,2.909339901144994,3.324846339547433,2.295407607638313,0,0,2.092310270922995,2.42644725207689,2.131077126861293,3.176814439978262,2.191865731531042,0,0,1.092917062949498,0.9745361042569245,0,1.759671066363983,0
0,0,0,2.492112801022459,0,2.888196455809151,2.658920086824326,3.149089341895455,4.74882247687461,4.369128868108763,1.657699779304526,0,0,3.70058870201444,0,0,0,1.66249342094305,0,0,2.695902239805188,0.8738933214074085,0,2.462078477265723,0,0,0,2.459175315391539,4.018824943291428,0
3.410322355158166,2.981297191253865,0,2.758352505936816,2.888196455809151,0,0,0,1.91027769477877,0,0,0,3.203389717070192,1.0469327423952,1.540147133273094,0,2.951991175204081,0,0,2.51210986264677,0,0,0,0,3.405760530518214,0,0,0,0,2.034252910127646
0,0,2.777270159304207,3.340409193634517,2.658920086824326,0,0,0,3.608192033050668,0,0.9559630189783858,0,3.674594218718523,0.2760512462398884,4.061361910891119,0.7367922375220382,0,1.097503686526786,0,0,0.257390756276254,0,1.096503836227745,0,0.6353388418679706,0,0.9888131730214911,1.3486059720848,2.030715448342426,1.152303340237689
0,0,0.5643446755700476,0,3.149089341895455,0,0,0,0,0,0,0.09264933888974813,3.266651601846689,4.132458030161476,1.034234192314447,0,0,0,4.844850041977388,0,0,0,3.877025675990382,0,0.3244954245282017,4.249861499559556,2.650539999903771,1.66699718567675,0.2936915644346122,3.946016067176388
0,0,0,0.7762066040927096,4.74882247687461,1.91027769477877,3.608192033050668,0,0,0,0,0,0.06008815311695059,0,0,0,0,0,0,0.3204900264040583,0,3.333597530232471,0,0.857346916480704,0,1.041577777225732,0,0.7089474814073121,0,3.457265494068614
0,0,0,0.9485926756686086,4.369128868108763,0,0,0,0,0,1.787615772824602,0,0.2598274212589835,0,2.274576926618763,0,3.228755502656991,0,2.865899457552965,0,3.098195884623259,0.6142176264725718,0,0,0,0,1.242412112292386,1.886193403544266,1.389050084144103,3.774513704535583
1.834695290885917,0,0,0,1.657699779304526,0,0.9559630189783858,0,0,1.787615772824602,0,0,0,3.707797713064453,0,0.668751010684776,0,4.030702845068589,2.04446466525156,0,2.16190589124401,0,0,3.29670592129917,0.2445944389436056,0,2.7062848267389,3.942809015569519,0,0
0.6574689737975303,0,2.654638520950851,3.671946424601622,0,0,0,0.09264933888974813,0,0,0,0,4.561300417585358,4.91650166243913,1.73263045494847,0,0,0.1851261081763306,2.983719010252441,0,2.273339205258497,1.64194044381148,1.530590333151264,0,0,3.592787774262051,0,2.107672568763148,0.7316031710363169,0
0,3.504283551372565,0,3.459485067556084,0,3.203389717070192,3.674594218718523,3.266651601846689,0.06008815311695059,0.2598274212589835,0,4.561300417585358,0,0,0,0,4.324039308866807,4.39227718911979,1.291488766900261,0.7212810593905916,0,0,2.57709272589989,0,3.882439035767557,2.571608386991528,3.421604220371521,3.474514602484945,2.217029641468842,0
4.261878935755636,0,3.765534493623488,2.909339901144994,3.70058870201444,1.0469327423952,0.2760512462398884,4.132458030161476,0,0,3.707797713064453,4.91650166243913,0,0,0,2.779974850378022,0,0,0,0,4.402797547889902,2.992837638524923,3.432321025145397,4.357616863725569,1.000140728342702,4.442790719543721,0,0,2.678072538671419,4.288684452266623
0,0,0,3.324846339547433,0,1.540147133273094,4.061361910891119,1.034234192314447,0,2.274576926618763,0,1.73263045494847,0,0,0,0,2.471808469960239,2.693965180109211,0.7754618464657093,0,0.1042533537745099,0,3.799715564170021,0.8066682905347644,0.6976923150841369,1.881947183344636,2.685382144337795,3.615867881017255,1.522713979269657,3.148547072146725
0,0.0223057402108251,0.833312031297157,2.295407607638313,0,0,0.7367922375220382,0,0,0,0.668751010684776,0,0,2.779974850378022,0,0,0,0,0,0,2.940872454141293,4.903592374034885,0,3.259868556300631,0,0,3.469436651203739,1.901301737084955,0,3.842737533723277
1.294008265806592,0,0.3997735173242323,0,0,2.951991175204081,0,0,0,3.228755502656991,0,0,4.324039308866807,0,2.471808469960239,0,0,2.116350651422747,0,3.935900052635939,0,0,0.6257736567390926,2.764167737384454,0,0,2.187879341692887,1.850762333169834,0,0
4.157685626547821,4.738570044769081,2.579625461948902,0,1.66249342094305,0,1.097503686526786,0,0,0,4.030702845068589,0.1851261081763306,4.39227718911979,0,2.693965180109211,0,2.116350651422747,0,0,1.711399402682799,4.674480117889905,2.479166092121877,0,0,0,0,3.500974675681008,0,0,1.275419486055296
0,4.276330352066048,0,2.092310270922995,0,0,0,4.844850041977388,0,2.865899457552965,2.04446466525156,2.983719010252441,1.291488766900261,0,0.7754618464657093,0,0,0,0,2.993917831121667,3.76139870684809,0,4.922488562078161,0,0,3.091867449106431,1.721993418126568,0,0,0.5111773098093453
0,4.725954021363608,0,2.42644725207689,0,2.51210986264677,0,0,0.3204900264040583,0,0,0,0.7212810593905916,0,0,0,3.935900052635939,1.711399402682799,2.993917831121667,0,0,0.9024549942299331,0,0,0,0.9511454807996239,0,4.79647711809943,2.189295644238873,0
0,0,0,2.131077126861293,2.695902239805188,0,0.257390756276254,0,0,3.098195884623259,2.16190589124401,2.273339205258497,0,4.402797547889902,0.1042533537745099,2.940872454141293,0,4.674480117889905,3.76139870684809,0,0,0.2787777854145052,0,3.528270693941687,3.25483992500685,0.1527706544278978,3.886749893872006,0,0,0
0,0,0,3.176814439978262,0.8738933214074085,0,0,0,3.333597530232471,0.6142176264725718,0,1.64194044381148,0,2.992837638524923,0,4.903592374034885,0,2.479166092121877,0,0.9024549942299331,0.2787777854145052,0,2.429362433082754,4.781505868039849,0.2070324393793177,0,1.535032840455909,3.362335287270001,0,0
4.364491120380103,0,3.771686837896596,2.191865731531042,0,0,1.096503836227745,3.877025675990382,0,0,0,1.530590333151264,2.57709272589989,3.432321025145397,3.799715564170021,0,0.6257736567390926,0,4.922488562078161,0,0,2.429362433082754,0,0,0,1.741431133515927,0,0.3581171271850303,0,3.896324747115292
0,0.8995619212535078,0,0,2.462078477265723,0,0,0,0.857346916480704,0,3.29670592129917,0,0,4.357616863725569,0.8066682905347644,3.259868556300631,2.764167737384454,0,0,0,3.528270693941687,4.781505868039849,0,0,0,0,3.169916117256083,1.875589452299671,0.7609869362701577,3.943804289764262
0,3.510734945341922,0,0,0,3.405760530518214,0.6353388418679706,0.3244954245282017,0,0,0.2445944389436056,0,3.882439035767557,1.000140728342702,0.6976923150841369,0,0,0,0,0,3.25483992500685,0.2070324393793177,0,0,0,0.8335143804725498,0,0.2039578984665719,0,3.359823062264439
0,4.591841458899322,4.463013676506734,1.092917062949498,0,0,0,4.249861499559556,1.041577777225732,0,0,3.592787774262051,2.571608386991528,4.442790719543721,1.881947183344636,0,0,0,3.091867449106431,0.9511454807996239,0.1527706544278978,0,1.741431133515927,0,0.8335143804725498,0,2.680358297763466,0,1.702047856969309,2.730876359246514
0.3661340217485265,1.86519944815539,0,0.9745361042569245,0,0,0.9888131730214911,2.650539999903771,0,1.242412112292386,2.7062848267389,0,3.421604220371521,0,2.685382144337795,3.469436651203739,2.187879341692887,3.500974675681008,1.721993418126568,0,3.886749893872006,1.535032840455909,0,3.169916117256083,0,2.680358297763466,0,0,3.697417864333611,2.825183155295383
0,0,0,0,2.459175315391539,0,1.3486059720848,1.66699718567675,0.7089474814073121,1.886193403544266,3.942809015569519,2.107672568763148,3.474514602484945,0,3.615867881017255,1.901301737084955,1.850762333169834,0,0,4.79647711809943,0,3.362335287270001,0.3581171271850303,1.875589452299671,0.2039578984665719,0,0,0,0,0
0,1.190444558854061,0,1.759671066363983,4.018824943291428,0,2.030715448342426,0.2936915644346122,0,1.389050084144103,0,0.7316031710363169,2.217029641468842,2.678072538671419,1.522713979269657,0,0,0,0,2.189295644238873,0,0,0,0.7609869362701577,0,1.702047856969309,3.697417864333611,0,0,1.441854152886531
0,1.059120058949942,2.541260324882529,0,0,2.034252910127646,1.152303340237689,3.946016067176388,3.457265494068614,3.774513704535583,0,0,0,4.288684452266623,3.148547072146725,3.842737533723277,0,1.275419486055296,0.5111773098093453,0,0,0,3.896324747115292,3.943804289764262,3.359823062264439,2.730876359246514,2.825183155295383,0,1.441854152886531,0
0,0,0.8922959889213627,1.360711906145035,0,0.1409823205459798,0,0,0,0,3.597860123764601,0.3106825363897525,0,4.726613098928089,0,0,4.868513544786229,4.568373367727593,0,0,0,0,2.166429545467324,0,0,0,3.649887758271611,0,0,0
0,0,3.147421068649877,0,0,2.531394105524943,0,0,0,0,0,0,1.505522433408844,0,0,4.253683798077116,0,0.1506178946764491,2.945793016570971,0.9019017984531802,0,0,0,0.6364201239577094,4.886603225740456,3.463495278145647,0.5768211562261133,0,3.855815401065231,1.799436116770023
0.8922959889213627,3.147421068649877,0,3.803620842781659,0,0,2.276163350438146,3.251172194310391,0,0,0,4.620648906922401,0,3.515249061430177,0,3.946248666179932,3.676638666915451,4.890276872939327,0,0,0,0,4.282997183573579,0,0,0.5138171333591451,0,0,0,3.796074297933064
1.360711906145035,0,3.803620842781659,0,0.4951623002526584,4.837204922803295,2.406013586904426,0,4.152160873466597,4.178454691116234,0,2.248179215318587,0.3587342175391428,3.094361454434855,0.1466205617384736,1.792828128545568,0,0,0.1714813099998164,1.951098822771584,0.4560840517410314,2.626346775976986,4.543890896996085,0,0,3.613326386195963,0.7516075414406453,0,2.045420454144057,0
0,0,0,0.4951623002526584,0,3.823011851544103,3.174192749585898,2.325087469899984,0.05182189544436111,4.820602979737187,2.89108303106112,0,0,4.363979251768681,0,0,0,4.718364157779199,0,0,0.1256346659417967,1.843097503108506,0,1.806567009761016,0,0,0,2.307761918894257,4.615471023001084,0
0.1409823205459798,2.531394105524943,0,4.837204922803295,3.823011851544103,0,0,0,0.4816706649706515,0,0,0,0.3600966312385712,1.070913581920248,1.78650352517902,0,4.810277677364564,0,0,1.67781020333043,0,0,0,0,0.7241332799749406,0,0,0,0,2.151186237717513
0,0,2.276163350438146,2.406013586904426,3.174192749585898,0,0,0,3.912354763757033,0,1.892194619300303,0,1.499524594835923,0.1310979838460929,3.334145800197947,4.9576463768891,0,4.684362741811407,0,0,1.835058504185317,0,4.519955271875062,0,3.4383466066406,0,2.041934553735213,3.420871538813905,3.289790561347201,2.192748917312253
0,0,3.251172194310391,0,2.325087469899984,0,0,0,0,0,0,2.539107402749716,3.770636312630062,0.05335208129201685,0.2165207877011444,0,0,0,2.883111676345071,0,0,0,1.766957186435307,0,3.390002672241307,2.677761957261844,4.145880603524808,2.315213562981318,0.3008644051920867,2.855841219464169
0,0,0,4.152160873466597,0.05182189544436111,0.4816706649706515,3.912354763757033,0,0,0,0,0,4.832859562834629,0,0,0,0,0,0,3.295556564034268,0,2.272303714458468,0,0.0451186436046408,0,3.566726909574729,0,4.221711907476183,0,0.5796262995217494
0,0,0,4.178454691116234,4.820602979737187,0,0,0,0,0,4.749110415903362,0,2.20454479940592,0,3.253149740640162,0,0.8814990289242858,0,2.538371458409196,0,3.849635391138715,3.246793732645004,0,0,0,0,4.543397180785053,0.87323304245216,1.809265486896783,1.631085782860516
3.597860123764601,0,0,0,2.89108303106112,0,1.892194619300303,0,0,4.749110415903362,0,0,0,1.086733741853781,0,3.477182215411891,0,0.673884976277338,4.943180093357407,0,1.307252913984203,0,0,0.1948224380657743,3.794022220894682,0,0.4934248676752617,4.398298317037689,0,0
0.3106825363897525,0,4.620648906922401,2.248179215318587,0,0,0,2.539107402749716,0,0,0,0,1.55339884051348,0.7157322231676078,2.753778237038636,0,0,0.8808467019483895,1.396644495991959,0,3.84987636615052,2.309991020679799,1.45392290945659,0,0,2.12220792991311,0,1.837666838025325,1.882878575146408,0
0,1.505522433408844,0,0.3587342175391428,0,0.3600966312385712,1.499524594835923,3.770636312630062,4.832859562834629,2.20454479940592,0,1.55339884051348,0,0,0,0,2.616249219806068,4.252683771416955,0.0206243750541224,4.280267107589316,0,0,2.344668393865544,0,0.3174098005557285,0.6039117924626131,0.6985294751924487,1.228784293005359,3.326349726216437,0
4.726613098928089,0,3.515249061430177,3.094361454434855,4.363979251768681,1.070913581920248,0.1310979838460929,0.05335208129201685,0,0,1.086733741853781,0.7157322231676078,0,0,0,4.937154851214888,0,0,0,0,2.628048682677957,0.9888412994652174,3.487166505140115,0.1359275075892391,4.29247366261216,2.32425196845155,0,0,0.3010803605819229,0.5528844514450382
0,0,0,0.1466205617384736,0,1.78650352517902,3.334145800197947,0.2165207877011444,0,3.253149740640162,0,2.753778237038636,0,0,0,0,3.823440155985289,1.131747395426399,1.127888026477032,0,3.643589195942476,0,4.800472203092912,4.431852926984484,1.081192648659446,0.6900785855897285,2.316385745214707,0.9377921706547582,3.357975749280101,1.972804675320813
0,4.253683798077116,3.946248666179932,1.792828128545568,0,0,4.9576463768891,0,0,0,3.477182215411891,0,0,4.937154851214888,0,0,0,0,0,0,1.23094255434008,2.83214209364789,0,1.644583854670516,0,0,0.6844026713217238,3.536175845733657,0,1.659463454367059
4.868513544786229,0,3.676638666915451,0,0,4.810277677364564,0,0,0,0.8814990289242858,0,0,2.616249219806068,0,3.823440155985289,0,0,0.01636649955791936,0,2.621504888192795,0,0,4.326308390526362,4.679121076919781,0,0,4.875317344470068,2.180604013723793,0,0
4.568373367727593,0.1506178946764491,4.890276872939327,0,4.718364157779199,0,4.684362741811407,0,0,0,0.673884976277338,0.8808467019483895,4.252683771416955,0,1.131747395426399,0,0.01636649955791936,0,0,0.2830552034951422,3.18205087812542,1.921845395819787,0,0,0,0,4.153655572238135,0,0,0.7783856097028996
0,2.945793016570971,0,0.1714813099998164,0,0,0,2.883111676345071,0,2.538371458409196,4.943180093357407,1.396644495991959,0.0206243750541224,0,1.127888026477032,0,0,0,0,2.343838479303211,1.295656400629324,0,4.235037456602306,0,0,2.949706946871393,0.6642990160232887,0,0,3.287965953005823
0,0.9019017984531802,0,1.951098822771584,0,1.67781020333043,0,0,3.295556564034268,0,0,0,4.280267107589316,0,0,0,2.621504888192795,0.2830552034951422,2.343838479303211,0,0,0.1503510472915009,0,0,0,1.961305563632584,0,4.949703995299579,1.559857405512883,0
0,0,0,0.4560840517410314,0.1256346659417967,0,1.835058504185317,0,0,3.849635391138715,1.307252913984203,3.84987636615052,0,2.628048682677957,3.643589195942476,1.23094255434008,0,3.18205087812542,1.295656400629324,0,0,2.155246526414708,0,4.379670865692752,1.493139366806886,2.71995728544213,1.706891514748541,0,0,0
0,0,0,2.626346775976986,1.843097503108506,0,0,0,2.272303714458468,3.246793732645004,0,2.309991020679799,0,0.9888412994652174,0,2.83214209364789,0,1.921845395819787,0,0.1503510472915009,2.155246526414708,0,4.060645653793038,1.85743618258497,3.010659678134289,0,2.17734505674887,0.1974530016311504,0,0
2.166429545467324,0,4.282997183573579,4.543890896996085,0,0,4.519955271875062,1.766957186435307,0,0,0,1.45392290945659,2.344668393865544,3.487166505140115,4.800472203092912,0,4.326308390526362,0,4.235037456602306,0,0,4.060645653793038,0,0,0,3.568051798888709,0,2.905076768438906,0,4.510256713730135
0,0.6364201239577094,0,0,1.806567009761016,0,0,0,0.0451186436046408,0,0.1948224380657743,0,0,0.1359275075892391,4.431852926984484,1.644583854670516,4.679121076919781,0,0,0,4.379670865692752,1.85743618258497,0,0,0,0,1.505987217483869,2.067646440516374,1.96445134898463,4.543990330131471
0,4.886603225740456,0,0,0,0.7241332799749406,3.4383466066406,3.390002672241307,0,0,3.794022220894682,0,0.3174098005557285,4.29247366261216,1.081192648659446,0,0,0,0,0,1.493139366806886,3.010659678134289,0,0,0,0.3966545145207728,0,1.350613967661947,0,2.950646221402025
0,3.463495278145647,0.5138171333591451,3.613326386195963,0,0,0,2.677761957261844,3.566726909574729,0,0,2.12220792991311,0.6039117924626131,2.32425196845155,0.6900785855897285,0,0,0,2.949706946871393,1.961305563632584,2.71995728544213,0,3.568051798888709,0,0.3966545145207728,0,4.330399789778269,0,3.963943578363065,4.561695868957966
3.649887758271611,0.5768211562261133,0,0.7516075414406453,0,0,2.041934553735213,4.145880603524808,0,4.543397180785053,0.4934248676752617,0,0.6985294751924487,0,2.316385745214707,0.6844026713217238,4.875317344470068,4.153655572238135,0.6642990160232887,0,1.706891514748541,2.17734505674887,0,1.505987217483869,0,4.330399789778269,0,0,3.158683499886177,0.3444792374773442
0,0,0,0,2.307761918894257,0,3.420871538813905,2.315213562981318,4.221711907476183,0.87323304245216,4.398298317037689,1.837666838025325,1.228784293005359,0,0.9377921706547582,3.536175845733657,2.180604013723793,0,0,4.949703995299579,0,0.1974530016311504,2.905076768438906,2.067646440516374,1.350613967661947,0,0,0,0,0
0,3.855815401065231,0,2.045420454144057,4.615471023001084,0,3.289790561347201,0.3008644051920867,0,1.809265486896783,0,1.882878575146408,3.326349726216437,0.3010803605819229,3.357975749280101,0,0,0,0,1.559857405512883,0,0,0,1.96445134898463,0,3.963943578363065,3.158683499886177,0,0,0.9810435102512854
0,1.799436116770023,3.796074297933064,0,0,2.151186237717513,2.192748917312253,2.855841219464169,0.5796262995217494,1.631085782860516,0,0,0,0.5528844514450382,1.972804675320813,1.659463454367059,0,0.7783856097028996,3.287965953005823,0,0,0,4.510256713730135,4.543990330131471,2.950646221402025,4.561695868957966,0.3444792374773442,0,0.9810435102512854,0
0,0,1.691316915307773,4.567269057364756,0,2.499746036451969,0,0,0,0,0.6268241056675938,3.887719126016198,0,0.6436613167216715,0,0,1.321801474208373,3.395788248090513,0,0,0,0,2.607798312279628,0,0,0,1.73187551465969,0,0,0
0,0,2.813670594709599,0,0,2.936048137211102,0,0,0,0,0,0,0.4273190709529684,0,0,3.477860939347683,0,2.205483338082924,2.541205983565269,1.849540730188783,0,0,0,0.07845112239085406,2.757913660019799,4.853121219640299,2.506048790901731,0,1.367022609406964,2.133406400400262
1.691316915307773,2.813670594709599,0,3.086162340552261,0,0,3.051322689898328,0.9544298387944405,0,0,0,4.930282324609202,0,1.233118245092091,0,0.5148267377288457,4.113253375263939,1.338623493278849,0,0,0,0,3.011932583534969,0,0,1.060229164070804,0,0,0,0.730260458987087
4.567269057364756,0,3.086162340552261,0,1.438756236562343,3.142109510315134,1.430815385007261,0,2.320701614846637,1.920754777992912,0,0.9103871699213006,2.493304375675988,4.071199584185852,2.721900771238741,1.671347757265405,0,0,4.634237731630009,4.115450524308033,3.337490906249053,0.7066971843360631,4.167949797300145,0,0,3.864162785344737,2.527098626001913,0,0.571215573888384,0
0,0,0,1.438756236562343,0,1.234758342415864,3.340601806785886,0.545864302513217,0.8391385421284203,4.909584536478123,4.272537109092223,0,0,1.777624877545486,0,0,0,1.515509100048464,0,0,0.03412139563515881,2.687711115955765,0,2.35000245273997,0,0,0,4.385290705299127,4.333619200730082,0
2.499746036451969,2.936048137211102,0,3.142109510315134,1.234758342415864,0,0,0,0.6564210969684864,0,0,0,1.829228983935906,4.528971851410716,1.083489661835042,0,3.906728265860233,0,0,2.942807347129339,0,0,0,0,0.2891387608888846,0,0,0,0,4.35631070109978
0,0,3.051322689898328,1.430815385007261,3.340601806785886,0,0,0,4.710225504683137,0,1.281669207750789,0,4.035680707255385,4.777177909000549,1.908915419570057,0.5374662190859725,0,1.388123181177396,0,0,2.923986183129776,0,3.415439207614012,0,4.553695055875822,0,1.813022863910438,3.739978096455032,2.876202724124915,4.599469154322277
0,0,0.9544298387944405,0,0.545864302513217,0,0,0,0,0,0,3.568225665925422,1.399984874716551,0.4777857114468553,0.7678177844391426,0,0,0,1.167414955514092,0,0,0,4.194738924173873,0,2.675600951181171,2.170506405796824,3.367917661531072,0.8344335586628682,0.1332994617700345,3.832474222161487
0,0,0,2.320701614846637,0.8391385421284203,0.6564210969684864,4.710225504683137,0,0,0,0,0,4.161003451478158,0,0,0,0,0,0,2.24586008922407,0,2.23439468964354,0,0.8453856376916036,0,1.263482054485096,0,1.440771596498607,0,1.798113961208987
0,0,0,1.920754777992912,4.909584536478123,0,0,0,0,0,3.750732855011635,0,3.455946146355966,0,4.522112927147254,0,3.094623890616528,0,0.7277319281250427,0,2.105431314721866,3.683123575189924,0,0,0,0,4.447542368884401,0.2995710232881355,3.902266526069794,2.609906298470493
0.6268241056675938,0,0,0,4.272537109092223,0,1.281669207750789,0,0,3.750732855011635,0,0,0,1.986606986977213,0,4.613867106585668,0,2.849571745071792,2.426253699633658,0,0.9470453110266591,0,0,3.860714193915598,3.379999370578064,0,4.285418156770854,3.382539203974351,0,0
3.887719126016198,0,4.930282324609202,0.9103871699213006,0,0,0,3.568225665925422,0,0,0,0,1.023585344200592,4.138516876980058,0.1055135453954187,0,0,1.162183185350114,1.396049563618941,0,3.778501404339192,1.761650833608821,2.152577202402217,0,0,1.241787932133623,0,4.26264295337221,4.681762359754259,0
0,0.4273190709529684,0,2.493304375675988,0,1.829228983935906,4.035680707255385,1.399984874716551,4.161003451478158,3.455946146355966,0,1.023585344200592,0,0,0,0,0.2638435168895131,1.682044980029927,0.4522634478301846,0.1520421722425386,0,0,0.7708357909341551,0,2.955785096677755,1.340433352303829,4.867442911594692,3.168095320040072,4.111385872115061,0
0.6436613167216715,0,1.233118245092091,4.071199584185852,1.777624877545486,4.528971851410716,4.777177909000549,0.4777857114468553,0,0,1.986606986977213,4.138516876980058,0,0,0,3.134507545465973,0,0,0,0,1.336701429902296,3.987652599253744,4.660102970337511,0.1817010675005282,0.3377005239499514,2.926106806511299,0,0,3.387136373985549,3.524997021156143
0,0,0,2.721900771238741,0,1.083489661835042,1.908915419570057,0.7678177844391426,0,4.522112927147254,0,0.1055135453954187,0,0,0,0,1.504057376305992,4.599705060869935,4.388110139857424,0,1.992589301574465,0,0.8310318022961932,4.509993452028812,2.779108436155735,3.2679619348515,3.129546976593701,4.30065862500402,1.022216515251615,3.980538487623474
0,3.477860939347683,0.5148267377288457,1.671347757265405,0,0,0.5374662190859725,0,0,0,4.613867106585668,0,0,3.134507545465973,0,0,0,0,0,0,1.991931315759458,1.038396949536682,0,2.615869750565142,0,0,4.534810523393454,1.194580595975733,0,1.611650469991668
1.321801474208373,0,4.113253375263939,0,0,3.906728265860233,0,0,0,3.094623890616528,0,0,0.2638435168895131,0,1.504057376305992,0,0,0.2243001434707931,0,0.09419481121607398,0,0,2.438921428263251,2.408861507984136,0,0,4.63372096226472,3.16601252445605,0,0
3.395788248090513,2.205483338082924,1.338623493278849,0,1.515509100048464,0,1.388123181177396,0,0,0,2.849571745071792,1.162183185350114,1.682044980029927,0,4.599705060869935,0,0.2243001434707931,0,0,2.101807986792096,3.243523109527564,1.441589111087494,0,0,0,0,2.565739169664391,0,0,4.065554398877172
0,2.541205983565269,0,4.634237731630009,0,0,0,1.167414955514092,0,0.7277319281250427,2.426253699633658,1.396049563618941,0.4522634478301846,0,4.388110139857424,0,0,0,0,3.291056694067884,4.735692445988479,0,4.883486121302262,0,0,1.875180191760002,2.806168756445649,0,0,1.094049292777297
0,1.849540730188783,0,4.115450524308033,0,2.942807347129339,0,0,2.24586008922407,0,0,0,0.1520421722425386,0,0,0,0.09419481121607398,2.101807986792096,3.291056694067884,0,0,0.6488924556517195,0,0,0,4.993781417217323,0,4.180069177059042,1.89575437767509,0
0,0,0,3.337490906249053,0.03412139563515881,0,2.923986183129776,0,0,2.105431314721866,0.9470453110266591,3.778501404339192,0,1.336701429902296,1.992589301574465,1.991931315759458,0,3.243523109527564,4.735692445988479,0,0,0.9536911662381886,0,1.387411286333909,4.723387444438281,4.117485678477187,2.370514259000047,0,0,0
0,0,0,0.7066971843360631,2.687711115955765,0,0,0,2.23439468964354,3.683123575189924,0,1.761650833608821,0,3.987652599253744,0,1.038396949536682,0,1.441589111087494,0,0.6488924556517195,0.9536911662381886,0,0.3799835745623203,2.456600374273563,3.657232215500547,0,1.551681881672082,2.173796503775613,0,0
2.607798312279628,0,3.011932583534969,4.167949797300145,0,0,3.415439207614012,4.194738924173873,0,0,0,2.152577202402217,0.7708357909341551,4.660102970337511,0.8310318022961932,0,2.438921428263251,0,4.883486121302262,0,0,0.3799835745623203,0,0,0,3.125745995158001,0,0.05480511593469017,0,3.346557912576102
0,0.07845112239085406,0,0,2.35000245273997,0,0,0,0.8453856376916036,0,3.860714193915598,0,0,0.1817010675005282,4.509993452028812,2.615869750565142,2.408861507984136,0,0,0,1.387411286333909,2.456600374273563,0,0,0,0,2.914769435821752,0.8259211021655899,2.313813808832244,2.107051030618202
0,2.757913660019799,0,0,0,0.2891387608888846,4.553695055875822,2.675600951181171,0,0,3.379999370578064,0,2.955785096677755,0.3377005239499514,2.779108436155735,0,0,0,0,0,4.723387444438281,3.657232215500547,0,0,0,3.170385755471355,0,0.894744103187502,0,3.338941588697351
0,4.853121219640299,1.060229164070804,3.864162785344737,0,0,0,2.170506405796824,1.263482054485096,0,0,1.241787932133623,1.340433352303829,2.926106806511299,3.2679619348515,0,0,0,1.875180191760002,4.993781417217323,4.117485678477187,0,3.125745995158001,0,3.170385755471355,0,2.671080692636372,0,0.03272555201930927,4.588143255063105
1.73187551465969,2.506048790901731,0,2.527098626001913,0,0,1.813022863910438,3.367917661531072,0,4.447542368884401,4.285418156770854,0,4.867442911594692,0,3.129546976593701,4.534810523393454,4.63372096226472,2.565739169664391,2.806168756445649,0,2.370514259000047,1.551681881672082,0,2.914769435821752,0,2.671080692636372,0,0,2.999518185657268,0.8195153798432553
0,0,0,0,4.385290705299127,0,3.739978096455032,0.8344335586628682,1.440771596498607,0.2995710232881355,3.382539203974351,4.26264295337221,3.168095320040072,0,4.30065862500402,1.194580595975733,3.16601252445605,0,0,4.180069177059042,0,2.173796503775613,0.05480511593469017,0.8259211021655899,0.894744103187502,0,0,0,0,0
0,1.367022609406964,0,0.571215573888384,4.333619200730082,0,2.876202724124915,0.1332994617700345,0,3.902266526069794,0,4.681762359754259,4.111385872115061,3.387136373985549,1.022216515251615,0,0,0,0,1.89575437767509,0,0,0,2.313813808832244,0,0.03272555201930927,2.999518185657268,0,0,1.076864814199169
0,2.133406400400262,0.730260458987087,0,0,4.35631070109978,4.599469154322277,3.832474222161487,1.798113961208987,2.609906298470493,0,0,0,3.524997021156143,3.980538487623474,1.611650469991668,0,4.065554398877172,1.094049292777297,0,0,0,3.346557912576102,2.107051030618202,3.338941588697351,4.588143255063105,0.8195153798432553,0,1.076864814199169,0
0,0,4.402410975282357,3.027335476852617,0,2.403474672797381,0,0,0,0,2.149471179236285,3.710747556988531,0,3.48322626565045,0,0,3.949704249419865,3.885292991436476,0,0,0,0,3.263296297407775,0,0,0,3.261026349415342,0,0,0
0,0,2.705782338224428,0,0,0.6641084308171658,0,0,0,0,0,0,3.167178525548152,0,0,2.812160612314405,0,3.503545749353635,4.267152500841038,1.026195411762584,0,0,0,3.765439846458799,0.2190338832524308,0.6308248328649779,4.084564103038107,0,2.625010564837777,3.790726873134024
4.402410975282357,2.705782338224428,0,1.988236093324689,0,0,2.719950190415518,4.284679176350867,0,0,0,4.876466990112379,0,0.1997074769569374,0,4.418113477503951,1.716953181498861,4.334552503250232,0,0,0,0,0.5368341078491529,0,0,3.50802869756272,0,0,0,4.655364930940212
3.027335476852617,0,1.988236093324689,0,2.690561414002863,1.622748587576198,2.975779027995911,0,1.493442138389995,0.04749861190671112,0,0.6777021320381382,4.929988886657616,0.07993530219893241,2.644851228936181,0.4159762494394764,0,0,0.2169002784066593,4.372087722810591,3.656540805617833,1.377577409098565,1.956919077320491,0,0,3.466413275560344,0.08693462465205082,0,2.036073856311131,0
0,0,0,2.690561414002863,0,3.469277129044346,2.195065943606329,0.5655818885668706,3.776362240261619,4.593164138681805,3.211875420407598,0,0,0.8941433558705891,0,0,0,2.141121682490628,0,0,3.930431192590666,4.632035785492769,0,0.2938988441048396,0,0,0,3.301195887385923,2.498251362698035,0
2.403474672797381,0.6641084308171658,0,1.622748587576198,3.469277129044346,0,0,0,3.049491352087737,0,0,0,1.436515324665917,1.388862507004134,3.386400021415227,0,2.692137395309506,0,0,1.759662934864549,0,0,0,0,0.6747100143497775,0,0,0,0,3.536250686088642
0,0,2.719950190415518,2.975779027995911,2.195065943606329,0,0,0,0.2378423828033455,0,0.1073161990462884,0,4.568322585841758,2.626069017489967,3.594044821724483,1.671284170843294,0,4.765517692909905,0,0,4.973752959170794,0,1.858240737165207,0,3.754700349341822,0,0.8095069645196462,1.958206844436832,4.879781190568474,1.595187837487848
0,0,4.284679176350867,0,0.5655818885668706,0,0,0,0,0,0,3.488739869683573,3.015255300220225,2.716421263747865,3.591567820602953,0,0,0,1.460492259194369,0,0,0,0.6694362873782184,0,2.586746168164367,0.122168525649774,4.565072493225338,2.331946483465717,2.752337026603553,4.600830500818098
0,0,0,1.493442138389995,3.776362240261619,3.049491352087737,0.2378423828033455,0,0,0,0,0,2.226545301243834,0,0,0,0,0,0,0.7358424879785119,0,0.08515511586032531,0,1.031938854757521,0,1.35007504844101,0,4.544161648290341,0,1.530278603552391
0,0,0,0.04749861190671112,4.593164138681805,0,0,0,0,0,0.09788748919911161,0,1.30688769606355,0,0.5535281253986718,0,4.851620791808155,0,1.454743653860183,0,2.194943826900174,3.553324700335744,0,0,0,0,4.94903079225994,0.7617632234035498,2.228320083247934,3.227896523330127
2.149471179236285,0,0,0,3.211875420407598,0,0.1073161990462884,0,0,0.09788748919911161,0,0,0,1.31281936594608,0,2.437623195035417,0,2.873457531371883,0.5863136960898108,0,1.072390071183315,0,0,3.450422896281878,4.372145471551424,0,0.213689845887769,2.726220310992054,0,0
3.710747556988531,0,4.876466990112379,0.6777021320381382,0,0,0,3.488739869683573,0,0,0,0,0.3643940897613546,4.405664006182373,3.683856064735441,0,0,3.575063966151391,3.418838554657913,0,4.961969666073535,0.3676978046434909,2.751371183807969,0,0,4.679936411981171,0,4.919619890194876,3.501847705336893,0
0,3.167178525548152,0,4.929988886657616,0,1.436515324665917,4.568322585841758,3.015255300220225,2.226545301243834,1.30688769606355,0,0.3643940897613546,0,0,0,0,4.800076785400587,0.4916505168713725,2.979100116140316,4.251619313591293,0,0,1.075630402593131,0,4.498787666159948,4.624295062754092,2.122698841582389,4.800685704136364,1.595106556257914,0
3.48322626565045,0,0.1997074769569374,0.07993530219893241,0.8941433558705891,1.388862507004134,2.626069017489967,2.716421263747865,0,0,1.31281936594608,4.405664006182373,0,0,0,4.260084869407695,0,0,0,0,0.8410841014639281,3.936928258229581,0.6009404370930621,2.189968334985141,1.553742802093951,0.05839506049574339,0,0,4.614415514405453,2.758332156153031
0,0,0,2.644851228936181,0,3.386400021415227,3.594044821724483,3.591567820602953,0,0.5535281253986718,0,3.683856064735441,0,0,0,0,4.194328069676793,4.679976107670162,3.028637803430354,0,3.43623147518141,0,1.892969457943768,3.792910702493743,0.2559186980553635,0.127459868154019,2.512796998873065,0.6452994829662834,4.87404835300686,4.395184709633359
0,2.812160612314405,4.418113477503951,0.4159762494394764,0,0,1.671284170843294,0,0,0,2.437623195035417,0,0,4.260084869407695,0,0,0,0,0,0,4.033899018556433,0.4780433395977485,0,0.6235827916546938,0,0,1.894382941438079,0.8788255631924391,0,3.827186477172744
3.949704249419865,0,1.716953181498861,0,0,2.692137395309506,0,0,0,4.851620791808155,0,0,4.800076785400587,0,4.194328069676793,0,0,0.9456205757306069,0,1.317258575972891,0,0,1.380089093391144,1.642378257632983,0,0,1.540320758703527,0.7338869827245975,0,0
3.885292991436476,3.503545749353635,4.334552503250232,0,2.141121682490628,0,4.765517692909905,0,0,0,2.873457531371883,3.575063966151391,0.4916505168713725,0,4.679976107670162,0,0.9456205757306069,0,0,2.304319014378013,1.913058588363295,0.9318323221453728,0,0,0,0,0.02406905044938235,0,0,3.148194138872511
0,4.267152500841038,0,0.2169002784066593,0,0,0,1.460492259194369,0,1.454743653860183,0.5863136960898108,3.418838554657913,2.979100116140316,0,3.028637803430354,0,0,0,0,1.30499947912043,4.235661590294542,0,1.724276048567612,0,0,0.1130911245195276,1.038076238172509,0,0,4.332156578233014
0,1.026195411762584,0,4.372087722810591,0,1.759662934864549,0,0,0.7358424879785119,0,0,0,4.251619313591293,0,0,0,1.317258575972891,2.304319014378013,1.30499947912043,0,0,1.57803048166243,0,0,0,1.718441148740441,0,3.270400185627724,4.977961836104236,0
0,0,0,3.656540805617833,3.930431192590666,0,4.973752959170794,0,0,2.194943826900174,1.072390071183315,4.961969666073535,0,0.8410841014639281,3.43623147518141,4.033899018556433,0,1.913058588363295,4.235661590294542,0,0,1.638877298694099,0,3.464020584609695,3.903945070789873,4.741985150409073,0.501183376558012,0,0,0
0,0,0,1.377577409098565,4.632035785492769,0,0,0,0.08515511586032531,3.553324700335744,0,0.3676978046434909,0,3.936928258229581,0,0.4780433395977485,0,0.9318323221453728,0,1.57803048166243,1.638877298694099,0,0.1416642672053242,1.337546081733795,3.41314346560084,0,4.579843573827728,0.8719037004715674,0,0
3.263296297407775,0,0.5368341078491529,1.956919077320491,0,0,1.858240737165207,0.6694362873782184,0,0,0,2.751371183807969,1.075630402593131,0.6009404370930621,1.892969457943768,0,1.380089093391144,0,1.724276048567612,0,0,0.1416642672053242,0,0,0,4.168093703854227,0,4.217506491035434,0,0.8568781576447182
0,3.765439846458799,0,0,0.2938988441048396,0,0,0,1.031938854757521,0,3.450422896281878,0,0,2.189968334985141,3.792910702493743,0.6235827916546938,1.642378257632983,0,0,0,3.464020584609695,1.337546081733795,0,0,0,0,0.5383811758857043,4.709869287545821,3.689091257255643,0.352933859561872
0,0.2190338832524308,0,0,0,0.6747100143497775,3.754700349341822,2.586746168164367,0,0,4.372145471551424,0,4.498787666159948,1.553742802093951,0.2559186980553635,0,0,0,0,0,3.903945070789873,3.41314346560084,0,0,0,2.757403722978496,0,2.638640974748999,0,2.251298282809207
0,0.6308248328649779,3.50802869756272,3.466413275560344,0,0,0,0.122168525649774,1.35007504844101,0,0,4.679936411981171,4.624295062754092,0.05839506049574339,0.127459868154019,0,0,0,0.1130911245195276,1.718441148740441,4.741985150409073,0,4.168093703854227,0,2.757403722978496,0,3.968060670328083,0,0.2710095545577579,3.092710004620815
3.261026349415342,4.084564103038107,0,0.08693462465205082,0,0,0.8095069645196462,4.565072493225338,0,4.94903079225994,0.213689845887769,0,2.122698841582389,0,2.512796998873065,1.894382941438079,1.540320758703527,0.02406905044938235,1.038076238172509,0,0.501183376558012,4.579843573827728,0,0.5383811758857043,0,3.968060670328083,0,0,1.202809910100168,2.552593900672516
0,0,0,0,3.301195887385923,0,1.958206844436832,2.331946483465717,4.544161648290341,0.7617632234035498,2.726220310992054,4.919619890194876,4.800685704136364,0,0.6452994829662834,0.8788255631924391,0.7338869827245975,0,0,3.270400185627724,0,0.8719037004715674,4.217506491035434,4.709869287545821,2.638640974748999,0,0,0,0,0
0,2.625010564837777,0,2.036073856311131,2.498251362698035,0,4.879781190568474,2.752337026603553,0,2.228320083247934,0,3.501847705336893,1.595106556257914,4.614415514405453,4.87404835300686,0,0,0,0,4.977961836104236,0,0,0,3.689091257255643,0,0.2710095545577579,1.202809910100168,0,0,2.18831704133942
0,3.790726873134024,4.655364930940212,0,0,3.536250686088642,1.595187837487848,4.600830500818098,1.530278603552391,3.227896523330127,0,0,0,2.758332156153031,4.395184709633359,3.827186477172744,0,3.148194138872511,4.332156578233014,0,0,0,0.8568781576447182,0.352933859561872,2.251298282809207,3.092710004620815,2.552593900672516,0,2.18831704133942,0
0,0,0.2136027393013401,2.511087256559396,0,1.392644256904098,0,0,0,0,0.08176743359946947,3.129646168190793,0,0.400420725058715,0,0,2.485344605784337,3.468339731958858,0,0,0,0,2.345057287526852,0,0,0,2.408787258394475,0,0,0
0,0,1.966557196592371,0,0,3.807989913912955,0,0,0,0,0,0,1.3321730767251,0,0,1.688580566917251,0,3.514964082470911,3.4189917103137,0.4779292242073402,0,0,0,2.524775938759692,2.910743854428385,3.232069427609614,1.717534970892516,0,2.655567292044716,4.578753833474141
0.2136027393013401,1.966557196592371,0,4.206359919941193,0,0,2.591781694900183,4.714265362310047,0,0,0,1.523844276229252,0,2.310565904902234,0,2.611188065333466,0.6806904970843947,1.868774342282781,0,0,0,0,2.277361286076761,0,0,1.806754147925276,0,0,0,2.109740327121454
2.511087256559396,0,4.206359919941193,0,0.05665025691845071,2.60507845433785,1.682035724029462,0,2.616526598706427,1.545123476109749,0,1.36385806832739,4.524503228816437,1.071763019071483,4.365821390772068,1.952009341982274,0,0,2.380300496382702,4.991780132146048,1.50409204863293,4.935513672464447,3.669895496429026,0,0,3.098373973555696,2.356039763307213,0,3.379653541365714,0
0,0,0,0.05665025691845071,0,1.474314559148558,0.8649468225455575,0.5394615425708982,4.169108661378931,1.417401832460081,2.100517662034609,0,0,4.982118039598189,0,0,0,3.305168799148772,0,0,2.236964279582293,3.745603647245512,0,1.650058505865588,0,0,0,1.389824192062504,2.92241522424352,0
1.392644256904098,3.807989913912955,0,2.60507845433785,1.474314559148558,0,0,0,3.280968659396724,0,0,0,3.707190504268904,0.4855099471339863,3.680073568704155,0,0.4706912550834652,0,0,1.03358826724393,0,0,0,0,0.07390219252140118,0,0,0,0,0.07148665637327578
0,0,2.591781694900183,1.682035724029462,0.8649468225455575,0,0,0,4.001751939738146,0,1.46639392390252,0,3.825540206498618,3.781270075769132,2.093139471516074,0.1897948013200212,0,4.07466255396575,0,0,2.175658864290162,0,2.005589182464107,0,4.114544521680616,0,4.467627415692282,2.794135228526271,2.208196690844226,1.421672684630219
0,0,4.714265362310047,0,0.5394615425708982,0,0,0,0,0,0,4.467277979709314,4.443903662266026,4.281087236851342,0.6432175294554066,0,0,0,3.368821659399952,0,0,0,3.490739702925123,0,1.278593342288032,2.521798903813668,3.780709632209645,2.281852276276091,2.815253571646829,1.051531666435556
0,0,0,2.616526598706427,4.169108661378931,3.280968659396724,4.001751939738146,0,0,0,0,0,4.952477328564743,0,0,0,0,0,0,3.876140449533435,0,4.307088280980428,0,4.50811094403093,0,2.408786796417907,0,0.5660458793790918,0,1.511240379569994
0,0,0,1.545123476109749,1.417401832460081,0,0,0,0,0,3.775835701299794,0,4.479537697200866,0,3.019147543749058,0,3.345967340845557,0,2.505720358103187,0,2.443901007665248,0.5266746734080641,0,0,0,0,1.618277273239543,1.917092940144163,0.2865612903331716,2.556192273806595
0.08176743359946947,0,0,0,2.100517662034609,0,1.46639392390252,0,0,3.775835701299794,0,0,0,0.3931930985066084,0,2.528462243419594,0,0.08051375395947968,4.290429581430478,0,2.474472908904591,0,0,4.636227227470075,1.654716178512954,0,0.7102087417561148,4.494444267421237,0,0
3.129646168190793,0,1.523844276229252,1.36385806832739,0,0,0,4.467277979709314,0,0,0,0,2.936003430866082,0.3522513878051742,4.16985869377367,0,0,3.852930276216438,4.056405367396193,0,1.01536703227766,2.525965342156782,0.6123052275225621,0,0,4.010642010864382,0,0.2692655997644544,1.214670703868976,0
0,1.3321730767251,0,4.524503228816437,0,3.707190504268904,3.825540206498618,4.443903662266026,4.952477328564743,4.479537697200866,0,2.936003430866082,0,0,0,0,3.361040176083633,3.140595517605478,1.496563636275454,1.164002447547997,0,0,3.22586411497674,0,2.548939970043452,2.946986531732724,0.3810582284481689,3.63210992575071,3.285225186080112,0
0.400420725058715,0,2.310565904902234,1.071763019071483,4.982118039598189,0.4855099471339863,3.781270075769132,4.281087236851342,0,0,0.3931930985066084,0.3522513878051742,0,0,0,2.451253109022445,0,0,0,0,0.2250559338566938,0.4779254163012869,3.034431080103964,0.3284381407037429,4.133113663888473,3.642176952944054,0,0,2.333193384923016,2.603138952167166
0,0,0,4.365821390772068,0,3.680073568704155,2.093139471516074,0.6432175294554066,0,3.019147543749058,0,4.16985869377367,0,0,0,0,3.399038086983559,2.443147667698222,3.234069045223788,0,0.3654353267411936,0,0.4840119048039182,1.808960630568665,2.086763145335508,1.168431730155148,3.958885246139785,3.717358054436302,0.1977983420411961,3.900385611766914
0,1.688580566917251,2.611188065333466,1.952009341982274,0,0,0.1897948013200212,0,0,0,2.528462243419594,0,0,2.451253109022445,0,0,0,0,0,0,1.509178015726985,0.3126073361816151,0,2.263481427018936,0,0,2.648111046426439,1.190733837586851,0,1.92082485637498
2.485344605784337,0,0.6806904970843947,0,0,0.4706912550834652,0,0,0,3.345967340845557,0,0,3.361040176083633,0,3.399038086983559,0,0,1.006681659984598,0,4.992948617074666,0,0,1.557358179754345,4.015408433149255,0,0,4.312913008114695,2.826835165966983,0,0
3.468339731958858,3.514964082470911,1.868774342282781,0,3.305168799148772,0,4.07466255396575,0,0,0,0.08051375395947968,3.852930276216438,3.140595517605478,0,2.443147667698222,0,1.006681659984598,0,0,2.677513217750757,0.1393680302263944,4.736687887579746,0,0,0,0,1.783559596701868,0,0,3.296871543563656
0,3.4189917103137,0,2.380300496382702,0,0,0,3.368821659399952,0,2.505720358103187,4.290429581430478,4.056405367396193,1.496563636275454,0,3.234069045223788,0,0,0,0,1.422652211876153,4.211873475352696,0,1.386816251937892,0,0,0.7962559065118036,0.5900333072917507,0,0,1.967024445715654
0,0.4779292242073402,0,4.991780132146048,0,1.03358826724393,0,0,3.876140449533435,0,0,0,1.164002447547997,0,0,0,4.992948617074666,2.677513217750757,1.422652211876153,0,0,3.657672890280379,0,0,0,4.542854097859006,0,4.345864694687293,4.347461146978278,0
0,0,0,1.50409204863293,2.236964279582293,0,2.175658864290162,0,0,2.443901007665248,2.474472908904591,1.01536703227766,0,0.2250559338566938,0.3654353267411936,1.509178015726985,0,0.1393680302263944,4.211873475352696,0,0,4.68828539090571,0,0.6950676520403809,4.125090866076393,2.301342494208232,0.3009084825721398,0,0,0
0,0,0,4.935513672464447,3.745603647245512,0,0,0,4.307088280980428,0.5266746734080641,0,2.525965342156782,0,0.4779254163012869,0,0.3126073361816151,0,4.736687887579746,0,3.657672890280379,4.68828539090571,0,2.167535104174823,2.881401674202714,0.3051597318388899,0,3.292098201949512,2.916057348224466,0,0
2.345057287526852,0,2.277361286076761,3.669895496429026,0,0,2.005589182464107,3.490739702925123,0,0,0,0.6123052275225621,3.22586411497674,3.034431080103964,0.4840119048039182,0,1.557358179754345,0,1.386816251937892,0,0,2.167535104174823,0,0,0,1.102519444304179,0,0.3303089546578009,0,1.598912282034036
0,2.524775938759692,0,0,1.650058505865588,0,0,0,4.50811094403093,0,4.636227227470075,0,0,0.3284381407037429,1.808960630568665,2.263481427018936,4.015408433149255,0,0,0,0.6950676520403809,2.881401674202714,0,0,0,0,3.992042489564193,0.640216780279505,4.378267800912276,4.53761313365982
0,2.910743854428385,0,0,0,0.07390219252140118,4.114544521680616,1.278593342288032,0,0,1.654716178512954,0,2.548939970043452,4.133113663888473,2.086763145335508,0,0,0,0,0,4.125090866076393,0.3051597318388899,0,0,0,3.861368155482823,0,3.675376371203021,0,3.959721520604801
0,3.232069427609614,1.806754147925276,3.098373973555696,0,0,0,2.521798903813668,2.408786796417907,0,0,4.010642010864382,2.946986531732724,3.642176952944054,1.168431730155148,0,0,0,0.7962559065118036,4.542854097859006,2.301342494208232,0,1.102519444304179,0,3.861368155482823,0,2.931165866493426,0,1.370368772964907,4.552358229780962
2.408787258394475,1.717534970892516,0,2.356039763307213,0,0,4.467627415692282,3.780709632209645,0,1.618277273239543,0.7102087417561148,0,0.3810582284481689,0,3.958885246139785,2.648111046426439,4.312913008114695,1.783559596701868,0.5900333072917507,0,0.3009084825721398,3.292098201949512,0,3.992042489564193,0,2.931165866493426,0,0,1.411733782103406,2.707696285805341
0,0,0,0,1.389824192062504,0,2.794135228526271,2.281852276276091,0.5660458793790918,1.917092940144163,4.494444267421237,0.2692655997644544,3.63210992575071,0,3.717358054436302,1.190733837586851,2.826835165966983,0,0,4.345864694687293,0,2.916057348224466,0.3303089546578009,0.640216780279505,3.675376371203021,0,0,0,0,0
0,2.655567292044716,0,3.379653541365714,2.92241522424352,0,2.208196690844226,2.815253571646829,0,0.2865612903331716,0,1.214670703868976,3.285225186080112,2.333193384923016,0.1977983420411961,0,0,0,0,4.347461146978278,0,0,0,4.378267800912276,0,1.370368772964907,1.411733782103406,0,0,2.834748603618626
0,4.578753833474141,2.109740327121454,0,0,0.07148665637327578,1.421672684630219,1.051531666435556,1.511240379569994,2.556192273806595,0,0,0,2.603138952167166,3.900385611766914,1.92082485637498,0,3.296871543563656,1.967024445715654,0,0,0,1.598912282034036,4.53761313365982,3.959721520604801,4.552358229780962,2.707696285805341,0,2.834748603618626,0
0,0,1.777037082088709,3.68300224360443,0,2.952458562434938,0,0,0,0,0.3551007910547238,3.645483383384536,0,0.5178132558030807,0,0,1.603926325352052,0.9942823490280445,0,0,0,0,0.9164966000963415,0,0,0,1.912968191151096,0,0,0
0,0,2.102311856332089,0,0,3.255717484508992,0,0,0,0,0,0,4.471258896314893,0,0,1.663996739904303,0,2.55083276673682,0.5316912802646123,2.16370467399408,0,0,0,3.610551198904992,1.391878674593856,1.934249777033038,2.49268098372645,0,4.366920932458776,3.148700748279873
1.777037082088709,2.102311856332089,0,0.191598535688865,0,0,1.430238734968168,0.5172344985969668,0,0,0,3.768192036963392,0,0.5868690601955268,0,4.870632081716627,3.329447134593587,0.6831517141440319,0,0,0,0,3.27294855243881,0,0,0.00697857354022835,0,0,0,0.2824936869519079
3.68300224360443,0,0.191598535688865,0,1.41421742287585,4.324683380437723,4.797752837300296,0,4.15815217571971,4.183736171014043,0,3.178217535654322,2.876038487563441,4.939336792757231,0.9380415191008507,1.196719729724148,0,0,1.928738673668983,0.9783029464378007,1.689986046641905,3.974991539286957,1.453300175337671,0,0,3.811515204811329,0.2303874706378184,0,2.715119703750597,0
0,0,0,1.41421742287585,0,2.853502654185371,3.47192120728086,2.228654790887721,3.029302181919507,0.2931278755420275,2.729564430978312,0,0,4.795637794388157,0,0,0,1.905440060182225,0,0,1.443687247043687,0.73867743309178,0,1.322602388288982,0,0,0,3.28584108018357,4.623785007282786,0
2.952458562434938,3.255717484508992,0,4.324683380437723,2.853502654185371,0,0,0,4.204976562721984,0,0,0,0.3349371537508156,3.914107633352618,0.05009285254081675,0,4.430043425554955,0,0,1.310772731482022,0,0,0,0,0.9455857564004438,0,0,0,0,0.1229185422314943
0,0,1.430238734968168,4.797752837300296,3.47192120728086,0,0,0,2.333942026870272,0,1.202113887571854,0,1.671058480632673,2.949091590735869,0.2796635470046283,4.612032989996563,0,1.747994023107433,0,0,3.479988942416905,0,1.024851347733143,0,1.125604262240231,0,2.202381833294611,3.661228070702545,3.889184867795122,1.818895039320945
0,0,0.5172344985969668,0,2.228654790887721,0,0,0,0,0,0,3.505924852683454,3.216170534700168,1.321779669545779,1.103944618261372,0,0,0,2.868693508870892,0,0,0,0.9517231401537796,0,4.264137938684055,4.382419776567701,0.8425621364377234,0.6391114964196604,1.522978068805441,3.040570906748439
0,0,0,4.15815217571971,3.029302181919507,4.204976562721984,2.333942026870272,0,0,0,0,0,3.971421918267998,0,0,0,0,0,0,2.656308784219163,0,4.689110593577718,0,3.545699487083019,0,1.103368647907982,0,3.069302975252701,0,2.807227437099413
0,0,0,4.183736171014043,0.2931278755420275,0,0,0,0,0,4.559005657813225,0,2.298562143746765,0,0.0819123314765835,0,1.659056634278547,0,0.7093492541669227,0,1.084164804928853,4.793022338925944,0,0,0,0,4.937102325418317,0.06541933507163145,0.2399717015693231,3.310500466410351
0.3551007910547238,0,0,0,2.729564430978312,0,1.202113887571854,0,0,4.559005657813225,0,0,0,1.100598718230176,0,0.02312880291175934,0,4.674141578882312,1.709878961978262,0,0.1650041605352282,0,0,0.3100929235263311,2.592498347301222,0,1.087488248969199,0.497467355441007,0,0
3.645483383384536,0,3.768192036963392,3.178217535654322,0,0,0,3.505924852683454,0,0,0,0,2.712433105413966,2.389326730890394,4.181598297363069,0,0,2.94689741067398,0.3812061030102709,0,1.877084857502534,1.370999843109662,0.6521252344625916,0,0,3.808169109287544,0,1.785675846050272,3.710596995032782,0
0,4.471258896314893,0,2.876038487563441,0,0.3349371537508156,1.671058480632673,3.216170534700168,3.971421918267998,2.298562143746765,0,2.712433105413966,0,0,0,0,0.3273337809363652,2.002083483722563,3.877168983464434,3.774682341129145,0,0,3.030695831158031,0,2.6641739282478,2.696117093682951,0.5396309411579703,4.848291481800747,2.527017037596446,0
0.5178132558030807,0,0.5868690601955268,4.939336792757231,4.795637794388157,3.914107633352618,2.949091590735869,1.321779669545779,0,0,1.100598718230176,2.389326730890394,0,0,0,0.09979377709999293,0,0,0,0,0.8538746728839908,0.8572389105923917,2.449338249005769,4.896932120898589,3.059342072625434,2.076501757467051,0,0,1.844050837423138,1.56865875095069
0,0,0,0.9380415191008507,0,0.05009285254081675,0.2796635470046283,1.103944618261372,0,0.0819123314765835,0,4.181598297363069,0,0,0,0,1.642305897582105,3.488139191384421,0.345914397246197,0,3.790227816041247,0,4.672811950093506,2.481124406076816,3.557900814916227,4.893910601812177,3.551759613717565,0.2393922210538219,2.458955332116648,3.512412982129136
0,1.663996739904303,4.870632081716627,1.196719729724148,0,0,4.612032989996563,0,0,0,0.02312880291175934,0,0,0.09979377709999293,0,0,0,0,0,0,2.448171954218256,0.1289100902510115,0,4.962979303336891,0,0,4.943075007952394,1.417958093595142,0,1.093133604950204
1.603926325352052,0,3.329447134593587,0,0,4.430043425554955,0,0,0,1.659056634278547,0,0,0.3273337809363652,0,1.642305897582105,0,0,3.001748100647557,0,3.55270308873409,0,0,3.332833533799607,0.7173278260062582,0,0,2.801136406126809,2.015584289920253,0,0
0.9942823490280445,2.55083276673682,0.6831517141440319,0,1.905440060182225,0,1.747994023107433,0,0,0,4.674141578882312,2.94689741067398,2.002083483722563,0,3.488139191384421,0,3.001748100647557,0,0,4.142114029898746,2.965331877924811,1.990281951310836,0,0,0,0,4.865108640028613,0,0,3.320588021819703
0,0.5316912802646123,0,1.928738673668983,0,0,0,2.868693508870892,0,0.7093492541669227,1.709878961978262,0.3812061030102709,3.877168983464434,0,0.345914397246197,0,0,0,0,3.455283181280993,3.885781717879435,0,1.582036211242385,0,0,2.533864395683183,3.83827331772467,0,0,2.269424955794478
0,2.16370467399408,0,0.9783029464378007,0,1.310772731482022,0,0,2.656308784219163,0,0,0,3.774682341129145,0,0,0,3.55270308873409,4.142114029898746,3.455283181280993,0,0,3.864901587706429,0,0,0,3.488331704957224,0,4.318857016521539,4.739532799035302,0
0,0,0,1.689986046641905,1.443687247043687,0,3.479988942416905,0,0,1.084164804928853,0.1650041605352282,1.877084857502534,0,0.8538746728839908,3.790227816041247,2.448171954218256,0,2.965331877924811,3.885781717879435,0,0,4.236835053314544,0,1.873845034766551,3.680923885292471,0.3475015238967072,4.30860157352507,0,0,0
0,0,0,3.974991539286957,0.73867743309178,0,0,0,4.689110593577718,4.793022338925944,0,1.370999843109662,0,0.8572389105923917,0,0.1289100902510115,0,1.990281951310836,0,3.864901587706429,4.236835053314544,0,0.717390250990716,2.600226636239872,3.382514433961294,0,0.8845327228412925,0.9551789702642022,0,0
0.9164966000963415,0,3.27294855243881,1.453300175337671,0,0,1.024851347733143,0.9517231401537796,0,0,0,0.6521252344625916,3.030695831158031,2.449338249005769,4.672811950093506,0,3.332833533799607,0,1.582036211242385,0,0,0.717390250990716,0,0,0,1.596602644853548,0,2.420485191362021,0,1.356029469150147
0,3.610551198904992,0,0,1.322602388288982,0,0,0,3.545699487083019,0,0.3100929235263311,0,0,4.896932120898589,2.481124406076816,4.962979303336891,0.7173278260062582,0,0,0,1.873845034766551,2.600226636239872,0,0,0,0,4.375684034223799,3.776944153273122,4.869211957886635,3.063693932541065
0,1.391878674593856,0,0,0,0.9455857564004438,1.125604262240231,4.264137938684055,0,0,2.592498347301222,0,2.6641739282478,3.059342072625434,3.557900814916227,0,0,0,0,0,3.680923885292471,3.382514433961294,0,0,0,0.2744125787677948,0,4.588165428284735,0,2.278990754894678
0,1.934249777033038,0.00697857354022835,3.811515204811329,0,0,0,4.382419776567701,1.103368647907982,0,0,3.808169109287544,2.696117093682951,2.076501757467051,4.893910601812177,0,0,0,2.533864395683183,3.488331704957224,0.3475015238967072,0,1.596602644853548,0,0.2744125787677948,0,4.407535032939025,0,1.787394046472893,4.469305717998161
1.912968191151096,2.49268098372645,0,0.2303874706378184,0,0,2.202381833294611,0.8425621364377234,0,4.937102325418317,1.087488248969199,0,0.5396309411579703,0,3.551759613717565,4.943075007952394,2.801136406126809,4.865108640028613,3.83827331772467,0,4.30860157352507,0.8845327228412925,0,4.375684034223799,0,4.407535032939025,0,0,3.993683591582389,2.550179607834049
0,0,0,0,3.28584108018357,0,3.661228070702545,0.6391114964196604,3.069302975252701,0.06541933507163145,0.497467355441007,1.785675846050272,4.848291481800747,0,0.2393922210538219,1.417958093595142,2.015584289920253,0,0,4.318857016521539,0,0.9551789702642022,2.420485191362021,3.776944153273122,4.588165428284735,0,0,0,0,0
0,4.366920932458776,0,2.715119703750597,4.623785007282786,0,3.889184867795122,1.522978068805441,0,0.2399717015693231,0,3.710596995032782,2.527017037596446,1.844050837423138,2.458955332116648,0,0,0,0,4.739532799035302,0,0,0,4.869211957886635,0,1.787394046472893,3.993683591582389,0,0,4.577917426987439
0,3.148700748279873,0.2824936869519079,0,0,0.1229185422314943,1.818895039320945,3.040570906748439,2.807227437099413,3.310500466410351,0,0,0,1.56865875095069,3.512412982129136,1.093133604950204,0,3.320588021819703,2.269424955794478,0,0,0,1.356029469150147,3.063693932541065,2.278990754894678,4.469305717998161,2.550179607834049,0,4.577917426987439,0
