15
20
0.07404208173447313
0.02344609630507816
0.03838305163105048
0.008880733898843382
0.03209522333172841
0.07279101854869066
0.07208514639738939
0.05489651011258136
0.06896195474515486
0.05151113422198757
0.08946189984553989
0.155179575564192
0.1122541608356755
0.05645079879845772
0.08956061402915755
0,1.984546157212271,0,0.02745131052789229,0,2.335332545390079,2.967751531296987,4.129670545297483,0,0,0,0,0,0,0.1648527604608835,4.469330841881102,4.944893351124954,2.336497886595641,3.287808166375466,0
1.984546157212271,0,0,0,0,0.3408593670241916,4.026016079557765,0,0,0,0,1.551765462038817,3.077859390051079,4.223582998668851,0,0,4.487799500517399,0.3354505287614934,4.94502781995707,1.437673182246246
0,0,0,0,0,1.33718786093234,0.9692604114851289,0,3.71256758920831,4.792269710222311,0,0,0,0,0,1.920420100205235,2.277359046231815,1.467957743502069,4.622732402025665,3.275252694282781
0.02745131052789229,0,0,0,0.9674301724604034,4.009111392043319,3.734711795540786,0,3.643798887514671,0,0,0,0,0,0,0,0,0,0.3855329385597844,0
0,0,0,0.9674301724604034,0,1.414130831626842,0.302575519244182,0,0,0,2.499642319380899,0,4.886525182135982,0,0,3.325992628645287,1.630471377497243,0,0,0
2.335332545390079,0.3408593670241916,1.33718786093234,4.009111392043319,1.414130831626842,0,1.499643467433719,4.639749685770949,3.6001809755937,2.940140788046178,4.324634357293433,0,1.488176148649924,0,0.9217130205988922,0.3789500978188848,1.358098690719465,0.7327468139812149,3.642939255624184,0.7800824542147045
2.967751531296987,4.026016079557765,0.9692604114851289,3.734711795540786,0.302575519244182,1.499643467433719,0,4.522577711756514,0.7973075121419337,0,2.868597520474517,0,4.207298977093812,2.270228905885607,0.1258248507996657,0,0,0,1.134254541711011,0.07736692487698427
4.129670545297483,0,0,0,0,4.639749685770949,4.522577711756514,0,0,3.044616280037114,0,1.685328982319391,0.6899187696036946,0,0,0,0.9384462211069078,0,0,0
0,0,3.71256758920831,3.643798887514671,0,3.6001809755937,0.7973075121419337,0,0,3.613159007099493,0.9039419244599994,1.802742221405876,1.128900543069316,0,0,0,3.262642065429609,0,4.140480843541814,0
0,0,4.792269710222311,0,0,2.940140788046178,0,3.044616280037114,3.613159007099493,0,0,0,0,0.5219208372161793,0,3.687097549765821,0,3.745913357981614,0,0
0,0,0,0,2.499642319380899,4.324634357293433,2.868597520474517,0,0.9039419244599994,0,0,0,0,1.541886346278903,1.007275461672692,0.0007612478778223908,0,1.933324402664538,0,0
0,1.551765462038817,0,0,0,0,0,1.685328982319391,1.802742221405876,0,0,0,0,0.8073241213019444,0.6706665053927052,1.344236654642715,3.720400515984135,0,0,2.74026839800686
0,3.077859390051079,0,0,4.886525182135982,1.488176148649924,4.207298977093812,0.6899187696036946,1.128900543069316,0,0,0,0,0,0,0,0,3.926745019796409,3.653369997280802,0
0,4.223582998668851,0,0,0,0,2.270228905885607,0,0,0.5219208372161793,1.541886346278903,0.8073241213019444,0,0,0,1.051672122636837,3.2702468711524,4.291566731080757,3.202774121109108,0
0.1648527604608835,0,0,0,0,0.9217130205988922,0.1258248507996657,0,0,0,1.007275461672692,0.6706665053927052,0,0,0,0,0,1.593552629599096,0,1.476035313610967
4.469330841881102,0,1.920420100205235,0,3.325992628645287,0.3789500978188848,0,0,0,3.687097549765821,0.0007612478778223908,1.344236654642715,0,1.051672122636837,0,0,0,0,0,0
4.944893351124954,4.487799500517399,2.277359046231815,0,1.630471377497243,1.358098690719465,0,0.9384462211069078,3.262642065429609,0,0,3.720400515984135,0,3.2702468711524,0,0,0,1.04867712626683,0,3.91345365595516
2.336497886595641,0.3354505287614934,1.467957743502069,0,0,0.7327468139812149,0,0,0,3.745913357981614,1.933324402664538,0,3.926745019796409,4.291566731080757,1.593552629599096,0,1.04867712626683,0,2.881390667921544,0
3.287808166375466,4.94502781995707,4.622732402025665,0.3855329385597844,0,3.642939255624184,1.134254541711011,0,4.140480843541814,0,0,0,3.653369997280802,3.202774121109108,0,0,0,2.881390667921544,0,4.290902437520541
0,1.437673182246246,3.275252694282781,0,0,0.7800824542147045,0.07736692487698427,0,0,0,0,2.74026839800686,0,0,1.476035313610967,0,3.91345365595516,0,4.290902437520541,0
0,0,2.86267759422861,0,4.053933421291923,0,0,0,1.336765111815657,1.454520723532686,3.763318887287656,4.090261821577436,1.662616868344785,4.653704392158178,0,0,0,0,0,1.474377824812717
0,0,4.822842486661102,4.766670657179224,3.139662522491256,0,0,0.599886139059807,4.9533738995603,1.779035601284104,0.3802097096505236,0,0,0,4.641280675372594,1.39195381031665,0,0,0,0
2.86267759422861,4.822842486661102,0,3.152841670029564,1.169470391232063,0,0,3.725521322581696,0,0,1.300152321020737,2.302493552038766,4.539413581028636,0.7358634016809507,1.152256505543745,0,0,0,0,0
0,4.766670657179224,3.152841670029564,0,0,0,0,1.482143304902757,0,2.564860901710533,0.03803805011150629,1.333701248115062,3.874245552532706,0.8466749745201319,2.437096961035663,1.16248489578006,3.621967284189864,2.05681498936132,0,2.671064459379054
4.053933421291923,3.139662522491256,1.169470391232063,0,0,0,0,4.184814953201724,3.869805750885842,4.902542468523835,0,0.09802499671315745,0,3.938495373595852,2.90969866383755,0,0,2.751057945969812,3.265999672018816,2.897907350205277
0,0,0,0,0,0,0,0,0,0,0,2.74049639937115,0,2.281861975597632,0,0,0,0,0,0
0,0,0,0,0,0,0,0,0,4.018562162227712,0,3.163790223442939,0,0,0,0.7919726714430264,0.02471356711236883,1.863594690745511,0,0
0,0.599886139059807,3.725521322581696,1.482143304902757,4.184814953201724,0,0,0,0.09323544803244987,0,4.379707547598396,0,0,2.198250309108204,4.75690998319862,3.357429457860736,0,3.157068957327839,2.147362191397698,4.8301188626671
1.336765111815657,4.9533738995603,0,0,3.869805750885842,0,0,0.09323544803244987,0,0,0,0,0,4.786064230955082,2.424832593835673,4.191674386211354,0,3.568829135025464,0,4.546275308358875
1.454520723532686,1.779035601284104,0,2.564860901710533,4.902542468523835,0,4.018562162227712,0,0,0,0.3752542810708048,0.06177552296365851,1.933026475022054,0,1.81479983168026,0,0.08031833574578706,0,3.52248521726272,4.284535726551935
3.763318887287656,0.3802097096505236,1.300152321020737,0.03803805011150629,0,0,0,4.379707547598396,0,0.3752542810708048,0,1.437480288872117,3.777946220564845,0,0,0,4.013769707077195,0,4.612146124208028,4.216571000325419
4.090261821577436,0,2.302493552038766,1.333701248115062,0.09802499671315745,2.74049639937115,3.163790223442939,0,0,0.06177552296365851,1.437480288872117,0,1.381051762960626,0,0,0,0,1.106802688202926,1.911675461611744,0
1.662616868344785,0,4.539413581028636,3.874245552532706,0,0,0,0,0,1.933026475022054,3.777946220564845,1.381051762960626,0,2.794401695435651,3.720678439029343,1.086825262126994,2.414004181014484,0,0,4.196827823377223
4.653704392158178,0,0.7358634016809507,0.8466749745201319,3.938495373595852,2.281861975597632,0,2.198250309108204,4.786064230955082,0,0,0,2.794401695435651,0,4.697795146430883,0,0,0,0,2.885579559911247
0,4.641280675372594,1.152256505543745,2.437096961035663,2.90969866383755,0,0,4.75690998319862,2.424832593835673,1.81479983168026,0,0,3.720678439029343,4.697795146430883,0,1.025639899198408,2.767962965245324,0,4.489305690690657,0
0,1.39195381031665,0,1.16248489578006,0,0,0.7919726714430264,3.357429457860736,4.191674386211354,0,0,0,1.086825262126994,0,1.025639899198408,0,2.537921504468087,0.5653602817561881,1.837864630616103,1.467559218907241
0,0,0,3.621967284189864,0,0,0.02471356711236883,0,0,0.08031833574578706,4.013769707077195,0,2.414004181014484,0,2.767962965245324,2.537921504468087,0,0,4.17575436077602,0
0,0,0,2.05681498936132,2.751057945969812,0,1.863594690745511,3.157068957327839,3.568829135025464,0,0,1.106802688202926,0,0,0,0.5653602817561881,0,0,0,0.1650539475997964
0,0,0,0,3.265999672018816,0,0,2.147362191397698,0,3.52248521726272,4.612146124208028,1.911675461611744,0,0,4.489305690690657,1.837864630616103,4.17575436077602,0,0,0
1.474377824812717,0,0,2.671064459379054,2.897907350205277,0,0,4.8301188626671,4.546275308358875,4.284535726551935,4.216571000325419,0,4.196827823377223,2.885579559911247,0,1.467559218907241,0,0.1650539475997964,0,0
0,0,2.015345671820929,0,2.823607581982285,0,0,0,1.480085102481637,0.2859167297682041,0.9969692351680204,1.115411906331301,1.356239704198967,2.949980986461776,0,0,0,0,0,1.364125225205252
0,0,2.845870970047208,0.9043810318995443,2.862980386806713,0,0,2.059881966849258,3.845789925748146,0.9659722121090814,0.4109283901090233,0,0,0,2.813168768772202,1.237841668334649,0,0,0,0
2.015345671820929,2.845870970047208,0,1.965916507090258,1.443626696015341,0,0,3.719272688068954,0,0,3.678128882639162,0.763329699873464,3.044413657981756,1.54956300223722,3.132377678286533,0,0,0,0,0
0,0.9043810318995443,1.965916507090258,0,0,0,0,4.077516211575822,0,4.796676345371005,1.230907789512287,0.6099551405797271,2.545106043704655,3.105754191854071,1.783917197800776,0.5850864288595403,2.03351707387578,4.350028785138612,0,2.269596169240177
2.823607581982285,2.862980386806713,1.443626696015341,0,0,0,0,1.736967151052036,1.563604891038978,3.821654713078994,0,4.385067988335739,0,1.548771454178519,0.7386337776783797,0,0,3.223888139181723,3.857049599034527,3.419670770107661
0,0,0,0,0,0,0,0,0,0,0,0.2170683362737208,0,4.550886494528611,0,0,0,0,0,0
0,0,0,0,0,0,0,0,0,3.670774451790699,0,3.948519265722088,0,0,0,4.668212113691297,1.761173559998379,3.760046280852654,0,0
0,2.059881966849258,3.719272688068954,4.077516211575822,1.736967151052036,0,0,0,4.513635797912319,0,2.366609089433226,0,0,4.019209404847774,2.358038847539625,0.5480717000345586,0,3.112132152733816,3.898612713144669,4.64940275025972
1.480085102481637,3.845789925748146,0,0,1.563604891038978,0,0,4.513635797912319,0,0,0,0,0,2.158325646466817,3.278251496801961,3.299553193143461,0,0.5118349221137142,0,3.214064871309159
0.2859167297682041,0.9659722121090814,0,4.796676345371005,3.821654713078994,0,3.670774451790699,0,0,0,1.957450002343797,3.610180533025766,4.686481927964616,0,2.268568034506185,0,2.127572774688462,0,3.681436765673674,4.503192341578068
0.9969692351680204,0.4109283901090233,3.678128882639162,1.230907789512287,0,0,0,2.366609089433226,0,1.957450002343797,0,4.336898330636409,1.8300173937978,0,0,0,1.971690328401092,0,4.6715423070743,0.5694877821904015
1.115411906331301,0,0.763329699873464,0.6099551405797271,4.385067988335739,0.2170683362737208,3.948519265722088,0,0,3.610180533025766,4.336898330636409,0,3.076193620726158,0,0,0,0,3.002826849047147,2.238166794681995,0
1.356239704198967,0,3.044413657981756,2.545106043704655,0,0,0,0,0,4.686481927964616,1.8300173937978,3.076193620726158,0,1.50846169327646,3.436616467309239,0.5767783527555254,2.164506921868832,0,0,2.603051315828036
2.949980986461776,0,1.54956300223722,3.105754191854071,1.548771454178519,4.550886494528611,0,4.019209404847774,2.158325646466817,0,0,0,1.50846169327646,0,3.8135288466878,0,0,0,0,4.395273318882641
0,2.813168768772202,3.132377678286533,1.783917197800776,0.7386337776783797,0,0,2.358038847539625,3.278251496801961,2.268568034506185,0,0,3.436616467309239,3.8135288466878,0,3.898751474770652,3.597595680622257,0,3.25584044306485,0
0,1.237841668334649,0,0.5850864288595403,0,0,4.668212113691297,0.5480717000345586,3.299553193143461,0,0,0,0.5767783527555254,0,3.898751474770652,0,2.495602534885232,1.995998530023986,2.110124920003177,3.922775599162234
0,0,0,2.03351707387578,0,0,1.761173559998379,0,0,2.127572774688462,1.971690328401092,0,2.164506921868832,0,3.597595680622257,2.495602534885232,0,0,4.2632999869341,0
0,0,0,4.350028785138612,3.223888139181723,0,3.760046280852654,3.112132152733816,0.5118349221137142,0,0,3.002826849047147,0,0,0,1.995998530023986,0,0,0,2.020058433515044
0,0,0,0,3.857049599034527,0,0,3.898612713144669,0,3.681436765673674,4.6715423070743,2.238166794681995,0,0,3.25584044306485,2.110124920003177,4.2632999869341,0,0,0
1.364125225205252,0,0,2.269596169240177,3.419670770107661,0,0,4.64940275025972,3.214064871309159,4.503192341578068,0.5694877821904015,0,2.603051315828036,4.395273318882641,0,3.922775599162234,0,2.020058433515044,0,0
0,0,2.616610020089487,0,0.2784101064561567,0,0,0,0.4623681590934747,3.494504110065837,3.391584976985359,3.66451729891023,0.1598698518955183,0.2822403486143088,0,0,0,0,0,0.4044550281642573
0,0,2.888359766422697,0.3677262393945802,3.690934810259279,0,0,3.990333803093028,2.930490388740249,0.4552793736265104,1.548580761655213,0,0,0,1.514928424347417,2.843837373916891,0,0,0,0
2.616610020089487,2.888359766422697,0,3.399802609761808,0.1134891705822061,0,0,1.329711596352838,0,0,2.393091975426965,1.278942743533388,2.722783935981328,2.091220134288293,1.219711288968962,0,0,0,0,0
0,0.3677262393945802,3.399802609761808,0,0,0,0,4.46256254686946,0,0.922217741809554,3.048648484292257,0.754263723903742,0.1287589979125531,2.123056375290509,1.066672720066987,0.6518820076280485,0.9318150841231665,3.550000884967908,0,3.962134421292205
0.2784101064561567,3.690934810259279,0.1134891705822061,0,0,0,0,1.74214444968358,0.5379623063888439,3.594501608539458,0,2.3005157957053,0,0.5925795372742881,3.147654092300434,0,0,4.225646109466243,2.075874201370897,2.136514659146122
0,0,0,0,0,0,0,0,0,0,0,2.667901969122406,0,2.753355497650868,0,0,0,0,0,0
0,0,0,0,0,0,0,0,0,2.46085611100856,0,0.2977964361932711,0,0,0,1.183825505905684,2.723673548062553,3.26289560394667,0,0
0,3.990333803093028,1.329711596352838,4.46256254686946,1.74214444968358,0,0,0,0.9830236804246334,0,3.761068904562268,0,0,4.088325114406169,4.937677994038835,3.619812740641049,0,3.291343421945488,1.983336579499166,1.182452816431059
0.4623681590934747,2.930490388740249,0,0,0.5379623063888439,0,0,0.9830236804246334,0,0,0,0,0,4.019071049227287,0.1912599473841026,2.40588040844004,0,2.236444339757597,0,3.143427610783585
3.494504110065837,0.4552793736265104,0,0.922217741809554,3.594501608539458,0,2.46085611100856,0,0,0,1.774925637073601,4.392926504992596,0.7977061378633171,0,0.3239682078917094,0,0.146892175095838,0,3.283435724080132,4.757477715737346
3.391584976985359,1.548580761655213,2.393091975426965,3.048648484292257,0,0,0,3.761068904562268,0,1.774925637073601,0,4.301054061184994,2.753070710906717,0,0,0,1.313679250811662,0,4.124059691012269,4.680896352846521
3.66451729891023,0,1.278942743533388,0.754263723903742,2.3005157957053,2.667901969122406,0.2977964361932711,0,0,4.392926504992596,4.301054061184994,0,1.474260599254777,0,0,0,0,2.180466218247434,1.799456534529782,0
0.1598698518955183,0,2.722783935981328,0.1287589979125531,0,0,0,0,0,0.7977061378633171,2.753070710906717,1.474260599254777,0,2.303074122501174,3.056467754460463,0.4293575376066472,3.099038448407753,0,0,1.907045764450777
0.2822403486143088,0,2.091220134288293,2.123056375290509,0.5925795372742881,2.753355497650868,0,4.088325114406169,4.019071049227287,0,0,0,2.303074122501174,0,4.8290132445103,0,0,0,0,0.9217672384077896
0,1.514928424347417,1.219711288968962,1.066672720066987,3.147654092300434,0,0,4.937677994038835,0.1912599473841026,0.3239682078917094,0,0,3.056467754460463,4.8290132445103,0,4.225099008924102,1.142392408009912,0,1.230265613379911,0
0,2.843837373916891,0,0.6518820076280485,0,0,1.183825505905684,3.619812740641049,2.40588040844004,0,0,0,0.4293575376066472,0,4.225099008924102,0,4.557487591813886,4.714396287502237,2.878547880692507,0.3790943966599009
0,0,0,0.9318150841231665,0,0,2.723673548062553,0,0,0.146892175095838,1.313679250811662,0,3.099038448407753,0,1.142392408009912,4.557487591813886,0,0,3.219485416454187,0
0,0,0,3.550000884967908,4.225646109466243,0,3.26289560394667,3.291343421945488,2.236444339757597,0,0,2.180466218247434,0,0,0,4.714396287502237,0,0,0,4.794721185524763
0,0,0,0,2.075874201370897,0,0,1.983336579499166,0,3.283435724080132,4.124059691012269,1.799456534529782,0,0,1.230265613379911,2.878547880692507,3.219485416454187,0,0,0
0.4044550281642573,0,0,3.962134421292205,2.136514659146122,0,0,1.182452816431059,3.143427610783585,4.757477715737346,4.680896352846521,0,1.907045764450777,0.9217672384077896,0,0.3790943966599009,0,4.794721185524763,0,0
0,0,1.962430071499593,0,1.615482030185236,0,0,0,3.629159060465534,3.191665439766291,3.955003696687926,3.387795454868929,4.346662299330031,4.410797514245014,0,0,0,0,0,0.9317291476367046
0,0,4.687438926278173,4.940158703864322,2.541107649953264,0,0,1.263600302843591,3.954266294437015,1.566174116537953,4.277477905524947,0,0,0,3.850734074082231,0.2567386439299874,0,0,0,0
1.962430071499593,4.687438926278173,0,0.6501676429574643,1.457185783421892,0,0,0.5670916292640638,0,0,4.356874641762362,1.958229027952144,3.765588717340089,1.050878509391715,2.213400616568963,0,0,0,0,0
0,4.940158703864322,0.6501676429574643,0,0,0,0,2.947913860941227,0,1.003688521186083,4.922567911416808,3.339529645038111,4.877637637586822,3.385417336199945,1.144191705134386,3.709120518551154,0.2579211900142586,4.711833663461055,0,1.093883424608626
1.615482030185236,2.541107649953264,1.457185783421892,0,0,0,0,0.2076346186023159,3.472912104965211,4.403310343753942,0,4.89969403029726,0,2.427140425967873,0.9215136331947293,0,0,2.974994714292569,0.7453535440400727,1.384027672951645
0,0,0,0,0,0,0,0,0,0,0,4.126339025153229,0,2.146087691238617,0,0,0,0,0,0
0,0,0,0,0,0,0,0,0,2.009209397734169,0,1.947027771564549,0,0,0,0.3777698223953396,0.4603202650132099,2.759695379859268,0,0
0,1.263600302843591,0.5670916292640638,2.947913860941227,0.2076346186023159,0,0,0,3.045173638493787,0,0.9052414886149734,0,0,1.15763920561741,4.264605561768865,4.41301049383931,0,0.8854223535825506,1.786145328280826,0.487610789852001
3.629159060465534,3.954266294437015,0,0,3.472912104965211,0,0,3.045173638493787,0,0,0,0,0,3.99094598110977,0.9496138449571351,4.263823536347888,0,3.463973939833054,0,0.5923554013221732
3.191665439766291,1.566174116537953,0,1.003688521186083,4.403310343753942,0,2.009209397734169,0,0,0,1.223944962989094,1.937233526911789,3.898549655063013,0,4.253810649529905,0,3.92088330374165,0,4.455480734425444,4.500234119919747
3.955003696687926,4.277477905524947,4.356874641762362,4.922567911416808,0,0,0,0.9052414886149734,0,1.223944962989094,0,2.753161842608533,1.107147221276026,0,0,0,1.419141778770115,0,0.9179106252944086,3.441821722608928
3.387795454868929,0,1.958229027952144,3.339529645038111,4.89969403029726,4.126339025153229,1.947027771564549,0,0,1.937233526911789,2.753161842608533,0,2.591377352437473,0,0,0,0,0.8678027482529976,0.7223350592132582,0
4.346662299330031,0,3.765588717340089,4.877637637586822,0,0,0,0,0,3.898549655063013,1.107147221276026,2.591377352437473,0,4.604591598532522,0.411707608838951,0.7731628853579148,1.151281017812453,0,0,3.09622624886108
4.410797514245014,0,1.050878509391715,3.385417336199945,2.427140425967873,2.146087691238617,0,1.15763920561741,3.99094598110977,0,0,0,4.604591598532522,0,2.463587885282838,0,0,0,0,1.007286693565733
0,3.850734074082231,2.213400616568963,1.144191705134386,0.9215136331947293,0,0,4.264605561768865,0.9496138449571351,4.253810649529905,0,0,0.411707608838951,2.463587885282838,0,2.30642564275791,0.06345948849178606,0,1.170122719538129,0
0,0.2567386439299874,0,3.709120518551154,0,0,0.3777698223953396,4.41301049383931,4.263823536347888,0,0,0,0.7731628853579148,0,2.30642564275791,0,3.651717038396685,1.071623304341864,0.9301152740075114,2.35840231619596
0,0,0,0.2579211900142586,0,0,0.4603202650132099,0,0,3.92088330374165,1.419141778770115,0,1.151281017812453,0,0.06345948849178606,3.651717038396685,0,0,4.925038826841454,0
0,0,0,4.711833663461055,2.974994714292569,0,2.759695379859268,0.8854223535825506,3.463973939833054,0,0,0.8678027482529976,0,0,0,1.071623304341864,0,0,0,2.977598946042268
0,0,0,0,0.7453535440400727,0,0,1.786145328280826,0,4.455480734425444,0.9179106252944086,0.7223350592132582,0,0,1.170122719538129,0.9301152740075114,4.925038826841454,0,0,0
0.9317291476367046,0,0,1.093883424608626,1.384027672951645,0,0,0.487610789852001,0.5923554013221732,4.500234119919747,3.441821722608928,0,3.09622624886108,1.007286693565733,0,2.35840231619596,0,2.977598946042268,0,0
0,0,0.3351255307525264,0,4.668073515821096,0,0,0,3.587301372392124,3.23854605177406,3.631061533027633,4.860490720030244,1.238233819373286,4.247577958433025,0,0,0,0,0,3.800046763345046
0,0,0.3078010647363927,2.139529842112614,4.324132991420856,0,0,2.937396690177104,2.744624282069373,4.791718963579231,2.371486688258473,0,0,0,2.536100986960274,4.11582937108761,0,0,0,0
0.3351255307525264,0.3078010647363927,0,0.3511909235798061,1.770413067940171,0,0,0.244903564026171,0,0,1.612763319990116,4.823032557954892,4.386295535751682,3.837274338687621,3.913927913467734,0,0,0,0,0
0,2.139529842112614,0.3511909235798061,0,0,0,0,4.075942431453486,0,3.29560345780616,4.896555950222515,1.682752938178774,1.211842095771173,0.8940509289823545,3.823910241975088,0.6915663221545704,4.71982001866426,2.400856308954139,0,1.532548622705931
4.668073515821096,4.324132991420856,1.770413067940171,0,0,0,0,1.956591872819469,3.708756244137809,0.05325150421137237,0,2.847374555391152,0,2.07638854226496,0.4144628091439378,0,0,1.654932532580062,2.471593876557139,4.890201925878945
0,0,0,0,0,0,0,0,0,0,0,2.831372853256009,0,1.995267869679118,0,0,0,0,0,0
0,0,0,0,0,0,0,0,0,4.313005356471687,0,2.101170590680557,0,0,0,3.36277758068969,1.361619364574472,4.254598950700041,0,0
0,2.937396690177104,0.244903564026171,4.075942431453486,1.956591872819469,0,0,0,2.614355551803379,0,0.1066787747525105,0,0,3.206291822082203,1.545384876104439,0.002465628420430521,0,3.129243544814183,3.297362231929049,2.048871626641486
3.587301372392124,2.744624282069373,0,0,3.708756244137809,0,0,2.614355551803379,0,0,0,0,0,4.97620506638521,4.643726390009117,2.407640603743908,0,1.664779568722932,0,4.594861809503661
3.23854605177406,4.791718963579231,0,3.29560345780616,0.05325150421137237,0,4.313005356471687,0,0,0,0.5401415560125006,1.232152227412516,0.8873113809286526,0,1.397164902062449,0,4.904074191818516,0,2.455397549559974,0.03268463301223989
3.631061533027633,2.371486688258473,1.612763319990116,4.896555950222515,0,0,0,0.1066787747525105,0,0.5401415560125006,0,2.286192491169689,1.279723965636181,0,0,0,3.5682216141981,0,1.965540467242723,1.535558956445714
4.860490720030244,0,4.823032557954892,1.682752938178774,2.847374555391152,2.831372853256009,2.101170590680557,0,0,1.232152227412516,2.286192491169689,0,3.694618918537945,0,0,0,0,0.9744699142709445,4.083194580995773,0
1.238233819373286,0,4.386295535751682,1.211842095771173,0,0,0,0,0,0.8873113809286526,1.279723965636181,3.694618918537945,0,4.430905176014023,1.885012277276775,4.010900325221606,3.50274239127051,0,0,3.02380108518292
4.247577958433025,0,3.837274338687621,0.8940509289823545,2.07638854226496,1.995267869679118,0,3.206291822082203,4.97620506638521,0,0,0,4.430905176014023,0,2.774715775947479,0,0,0,0,0.6598022664827169
0,2.536100986960274,3.913927913467734,3.823910241975088,0.4144628091439378,0,0,1.545384876104439,4.643726390009117,1.397164902062449,0,0,1.885012277276775,2.774715775947479,0,3.395627282543614,0.601119248010048,0,2.74217497407135,0
0,4.11582937108761,0,0.6915663221545704,0,0,3.36277758068969,0.002465628420430521,2.407640603743908,0,0,0,4.010900325221606,0,3.395627282543614,0,4.498560904888385,0.8522619090708311,0.1111317867896927,1.995780552899636
0,0,0,4.71982001866426,0,0,1.361619364574472,0,0,4.904074191818516,3.5682216141981,0,3.50274239127051,0,0.601119248010048,4.498560904888385,0,0,4.894909670398295,0
0,0,0,2.400856308954139,1.654932532580062,0,4.254598950700041,3.129243544814183,1.664779568722932,0,0,0.9744699142709445,0,0,0,0.8522619090708311,0,0,0,4.665392236034092
0,0,0,0,2.471593876557139,0,0,3.297362231929049,0,2.455397549559974,1.965540467242723,4.083194580995773,0,0,2.74217497407135,0.1111317867896927,4.894909670398295,0,0,0
3.800046763345046,0,0,1.532548622705931,4.890201925878945,0,0,2.048871626641486,4.594861809503661,0.03268463301223989,1.535558956445714,0,3.02380108518292,0.6598022664827169,0,1.995780552899636,0,4.665392236034092,0,0
0,0,3.892594432824018,0,4.263789229620171,0,0,0,3.104340480762675,4.4130153298907,0.8759817936221648,2.058001760229117,4.927109037877345,2.843698607990439,0,0,0,0,0,4.548045094658342
0,0,3.294983183125784,3.794912010547669,0.7011918469338591,0,0,0.1836671403737988,0.3820996542199462,3.192321404964262,1.621185693711246,0,0,0,3.062925798159086,0.1847272349077389,0,0,0,0
3.892594432824018,3.294983183125784,0,0.2269183470394098,3.248151557042687,0,0,1.380597890233078,0,0,2.805116427641363,2.597119416272772,4.468868055991829,1.212728621974977,3.57914668229766,0,0,0,0,0
0,3.794912010547669,0.2269183470394098,0,0,0,0,2.775638848246229,0,3.695525545651202,3.095973187236016,3.088426243070704,4.505058860071686,4.437278186062414,1.980717751363313,0.9357604572342215,2.103100200070724,2.173055947724997,0,3.657687459002809
4.263789229620171,0.7011918469338591,3.248151557042687,0,0,0,0,4.331532510103296,1.984653052622721,2.857676852734978,0,4.371521341961805,0,4.579205177066265,1.069638563287412,0,0,1.057042879619537,4.243471943036015,4.824586418884299
0,0,0,0,0,0,0,0,0,0,0,1.096187385369976,0,0.3164830158467552,0,0,0,0,0,0
0,0,0,0,0,0,0,0,0,0.904181988904002,0,3.320360945262451,0,0,0,0.4216373211687752,2.953640075742876,2.126243303213062,0,0
0,0.1836671403737988,1.380597890233078,2.775638848246229,4.331532510103296,0,0,0,3.533651652210604,0,0.6463571416049979,0,0,1.289049156664748,4.758680456516224,0.509717943928486,0,4.38227826830073,1.970859421775069,0.6558630428948437
3.104340480762675,0.3820996542199462,0,0,1.984653052622721,0,0,3.533651652210604,0,0,0,0,0,1.059022009954305,2.914898529603945,1.361479362960106,0,4.608744248097326,0,3.119905366232177
4.4130153298907,3.192321404964262,0,3.695525545651202,2.857676852734978,0,0.904181988904002,0,0,0,0.5614460049738523,0.5586177673135179,4.026467464059431,0,4.559598089686863,0,3.449720963728477,0,1.708886038964433,0.2096610161809753
0.8759817936221648,1.621185693711246,2.805116427641363,3.095973187236016,0,0,0,0.6463571416049979,0,0.5614460049738523,0,4.250122167536753,3.676267195405813,0,0,0,0.9707234427369271,0,4.563910735242983,4.303272762266206
2.058001760229117,0,2.597119416272772,3.088426243070704,4.371521341961805,1.096187385369976,3.320360945262451,0,0,0.5586177673135179,4.250122167536753,0,3.720105428195864,0,0,0,0,0.9456041816631922,0.908557449887476,0
4.927109037877345,0,4.468868055991829,4.505058860071686,0,0,0,0,0,4.026467464059431,3.676267195405813,3.720105428195864,0,4.397369072901994,2.024848242978126,4.82236117242475,4.904962514678465,0,0,2.677773344780169
2.843698607990439,0,1.212728621974977,4.437278186062414,4.579205177066265,0.3164830158467552,0,1.289049156664748,1.059022009954305,0,0,0,4.397369072901994,0,3.261185879895034,0,0,0,0,4.111033822972741
0,3.062925798159086,3.57914668229766,1.980717751363313,1.069638563287412,0,0,4.758680456516224,2.914898529603945,4.559598089686863,0,0,2.024848242978126,3.261185879895034,0,3.985774403740701,3.164891236939885,0,1.964116795187386,0
0,0.1847272349077389,0,0.9357604572342215,0,0,0.4216373211687752,0.509717943928486,1.361479362960106,0,0,0,4.82236117242475,0,3.985774403740701,0,4.024624151701427,1.734423120614282,3.290002794875457,4.555558590060736
0,0,0,2.103100200070724,0,0,2.953640075742876,0,0,3.449720963728477,0.9707234427369271,0,4.904962514678465,0,3.164891236939885,4.024624151701427,0,0,3.413130776616355,0
0,0,0,2.173055947724997,1.057042879619537,0,2.126243303213062,4.38227826830073,4.608744248097326,0,0,0.9456041816631922,0,0,0,1.734423120614282,0,0,0,4.685204009027085
0,0,0,0,4.243471943036015,0,0,1.970859421775069,0,1.708886038964433,4.563910735242983,0.908557449887476,0,0,1.964116795187386,3.290002794875457,3.413130776616355,0,0,0
4.548045094658342,0,0,3.657687459002809,4.824586418884299,0,0,0.6558630428948437,3.119905366232177,0.2096610161809753,4.303272762266206,0,2.677773344780169,4.111033822972741,0,4.555558590060736,0,4.685204009027085,0,0
0,0,3.821549469882668,0,3.433863509101366,0,0,0,1.880575190011038,0.8203525914677906,0.5160804543151698,0.2561344320710079,0.6379319167530217,2.30292762832136,0,0,0,0,0,3.223114514070984
0,0,0.4969905182503143,4.615830206379736,3.285679781552342,0,0,3.40815063265854,2.371582673303259,1.040700050384528,2.300219077936681,0,0,0,3.432882091198391,1.335853603733141,0,0,0,0
3.821549469882668,0.4969905182503143,0,2.769639793656654,3.03800850281911,0,0,3.286798307994852,0,0,1.229250184594064,0.6044192754063077,4.279157251907259,4.430706297543764,1.223167022016572,0,0,0,0,0
0,4.615830206379736,2.769639793656654,0,0,0,0,4.072870026925629,0,1.871839239395042,4.741589842457909,3.876628082961084,2.24191891487311,0.7996729197653407,4.113296238566861,1.982378629201665,2.980721124114647,2.56036274111952,0,2.299629818299973
3.433863509101366,3.285679781552342,3.03800850281911,0,0,0,0,0.1262972119021627,1.732928666114125,4.858016903160732,0,1.20762208249624,0,0.7972883279661985,2.632180408228607,0,0,3.128437726634909,3.388929657150646,3.640269864386834
0,0,0,0,0,0,0,0,0,0,0,1.616688296439505,0,3.580958598798806,0,0,0,0,0,0
0,0,0,0,0,0,0,0,0,4.627839222207751,0,3.172353524659814,0,0,0,0.3108379598440092,0.02313661977078385,2.872003130139976,0,0
0,3.40815063265854,3.286798307994852,4.072870026925629,0.1262972119021627,0,0,0,1.765981204560415,0,4.300261130971163,0,0,0.6205346586811228,0.5682434066810488,1.851920142425824,0,0.8910148928156914,0.8923876984651719,3.772833642322006
1.880575190011038,2.371582673303259,0,0,1.732928666114125,0,0,1.765981204560415,0,0,0,0,0,1.645094247964694,0.07705206613998095,3.65597854259376,0,3.162454939449475,0,1.287924524305745
0.8203525914677906,1.040700050384528,0,1.871839239395042,4.858016903160732,0,4.627839222207751,0,0,0,1.336022730527361,4.233905693963468,2.81191905540668,0,0.2988508690057989,0,3.898426890203622,0,4.813543687894301,4.354460886654707
0.5160804543151698,2.300219077936681,1.229250184594064,4.741589842457909,0,0,0,4.300261130971163,0,1.336022730527361,0,1.738891760422133,1.577726111425339,0,0,0,2.900402194561215,0,2.670851461939063,4.742292472301972
0.2561344320710079,0,0.6044192754063077,3.876628082961084,1.20762208249624,1.616688296439505,3.172353524659814,0,0,4.233905693963468,1.738891760422133,0,2.017297210388121,0,0,0,0,4.649458274595095,4.164863962941778,0
0.6379319167530217,0,4.279157251907259,2.24191891487311,0,0,0,0,0,2.81191905540668,1.577726111425339,2.017297210388121,0,4.851715459706365,3.436889994200465,0.9839606851969918,0.8175759898259449,0,0,3.65055823297
2.30292762832136,0,4.430706297543764,0.7996729197653407,0.7972883279661985,3.580958598798806,0,0.6205346586811228,1.645094247964694,0,0,0,4.851715459706365,0,4.865645289369315,0,0,0,0,3.676715007195595
0,3.432882091198391,1.223167022016572,4.113296238566861,2.632180408228607,0,0,0.5682434066810488,0.07705206613998095,0.2988508690057989,0,0,3.436889994200465,4.865645289369315,0,1.177874045917016,0.07605399301157445,0,3.773973917137872,0
0,1.335853603733141,0,1.982378629201665,0,0,0.3108379598440092,1.851920142425824,3.65597854259376,0,0,0,0.9839606851969918,0,1.177874045917016,0,2.239671012070274,3.100946300505622,2.293246798082265,2.140111245629171
0,0,0,2.980721124114647,0,0,0.02313661977078385,0,0,3.898426890203622,2.900402194561215,0,0.8175759898259449,0,0.07605399301157445,2.239671012070274,0,0,3.927388734859965,0
0,0,0,2.56036274111952,3.128437726634909,0,2.872003130139976,0.8910148928156914,3.162454939449475,0,0,4.649458274595095,0,0,0,3.100946300505622,0,0,0,3.778695660514325
0,0,0,0,3.388929657150646,0,0,0.8923876984651719,0,4.813543687894301,2.670851461939063,4.164863962941778,0,0,3.773973917137872,2.293246798082265,3.927388734859965,0,0,0
3.223114514070984,0,0,2.299629818299973,3.640269864386834,0,0,3.772833642322006,1.287924524305745,4.354460886654707,4.742292472301972,0,3.65055823297,3.676715007195595,0,2.140111245629171,0,3.778695660514325,0,0
0,0,2.842648612986107,0,0.8361886374312399,0,0,0,3.153357977137854,3.333342121444953,4.087727112078949,1.57635272542439,2.66476724723639,0.3380249927845186,0,0,0,0,0,2.587246531305069
0,0,3.043344326972066,4.360578743267257,2.964968792138468,0,0,4.134099624936478,4.24863748004601,1.665610769754036,3.3708730436691,0,0,0,0.4195272099828479,1.510949339392644,0,0,0,0
2.842648612986107,3.043344326972066,0,4.454080934357004,3.780839617981457,0,0,3.133504932748064,0,0,0.6724420435440892,4.574473434552247,3.416221393787046,1.487715712278245,3.689161461731485,0,0,0,0,0
0,4.360578743267257,4.454080934357004,0,0,0,0,0.1917695751751136,0,4.88039849297889,1.868803783678917,3.66468140051708,0.3139696364942679,0.4892277429496372,2.625139567419503,1.679977505109509,2.567720943485551,2.622449825999005,0,2.02521442665452
0.8361886374312399,2.964968792138468,3.780839617981457,0,0,0,0,0.8568911995840256,0.2717948165706213,2.668149187111363,0,0.5877969722516757,0,1.018039586491987,3.333521405365154,0,0,1.315307515659291,2.229641145768817,3.623886523160708
0,0,0,0,0,0,0,0,0,0,0,0.3252165387902495,0,3.599618406915821,0,0,0,0,0,0
0,0,0,0,0,0,0,0,0,4.110181112550274,0,4.426516231735183,0,0,0,3.475844500520463,0.1537536765418962,3.841269761335569,0,0
0,4.134099624936478,3.133504932748064,0.1917695751751136,0.8568911995840256,0,0,0,3.794471883242646,0,3.983546579077953,0,0,2.03528887441995,0.5863689173238817,4.573445964804728,0,3.227869396327578,0.2714751527476122,1.740515694628206
3.153357977137854,4.24863748004601,0,0,0.2717948165706213,0,0,3.794471883242646,0,0,0,0,0,3.81170923396124,1.468376466933953,4.847346321103164,0,4.660927264653703,0,4.756517823171817
3.333342121444953,1.665610769754036,0,4.88039849297889,2.668149187111363,0,4.110181112550274,0,0,0,1.331961878219116,3.298295052124478,2.350373827777461,0,3.079831624363823,0,2.989892550449439,0,0.6247216048435822,2.222002908381747
4.087727112078949,3.3708730436691,0.6724420435440892,1.868803783678917,0,0,0,3.983546579077953,0,1.331961878219116,0,1.19230499142965,2.112026526175166,0,0,0,1.237362284996936,0,2.257307993924833,3.409206142647669
1.57635272542439,0,4.574473434552247,3.66468140051708,0.5877969722516757,0.3252165387902495,4.426516231735183,0,0,3.298295052124478,1.19230499142965,0,0.804642104388279,0,0,0,0,2.452719008808332,2.031478214828461,0
2.66476724723639,0,3.416221393787046,0.3139696364942679,0,0,0,0,0,2.350373827777461,2.112026526175166,0.804642104388279,0,3.761525887571818,2.025073413698151,3.890247946939431,3.153923042299275,0,0,1.88156642303223
0.3380249927845186,0,1.487715712278245,0.4892277429496372,1.018039586491987,3.599618406915821,0,2.03528887441995,3.81170923396124,0,0,0,3.761525887571818,0,4.518648273517226,0,0,0,0,4.467437832201833
0,0.4195272099828479,3.689161461731485,2.625139567419503,3.333521405365154,0,0,0.5863689173238817,1.468376466933953,3.079831624363823,0,0,2.025073413698151,4.518648273517226,0,3.761148591230692,4.701329006374008,0,1.962863750564019,0
0,1.510949339392644,0,1.679977505109509,0,0,3.475844500520463,4.573445964804728,4.847346321103164,0,0,0,3.890247946939431,0,3.761148591230692,0,1.175028687768618,2.178676425372283,0.9999440606085735,4.725420698321622
0,0,0,2.567720943485551,0,0,0.1537536765418962,0,0,2.989892550449439,1.237362284996936,0,3.153923042299275,0,4.701329006374008,1.175028687768618,0,0,1.74398951976882,0
0,0,0,2.622449825999005,1.315307515659291,0,3.841269761335569,3.227869396327578,4.660927264653703,0,0,2.452719008808332,0,0,0,2.178676425372283,0,0,0,2.694570926980078
0,0,0,0,2.229641145768817,0,0,0.2714751527476122,0,0.6247216048435822,2.257307993924833,2.031478214828461,0,0,1.962863750564019,0.9999440606085735,1.74398951976882,0,0,0
2.587246531305069,0,0,2.02521442665452,3.623886523160708,0,0,1.740515694628206,4.756517823171817,2.222002908381747,3.409206142647669,0,1.88156642303223,4.467437832201833,0,4.725420698321622,0,2.694570926980078,0,0
0,0,3.07231320055693,0,3.398321469790609,0,0,0,2.586433757510447,1.916003347920254,4.900480027606339,1.573792911748448,1.892983919981895,1.9160657062702,0,0,0,0,0,3.507975242112294
0,0,4.021761414074895,4.816823061054693,2.566833142112861,0,0,3.499553157083013,2.015396814578468,1.715078446551827,2.870309350269604,0,0,0,3.570538756777565,3.311522707663293,0,0,0,0
3.07231320055693,4.021761414074895,0,2.928968683375763,4.421817757555841,0,0,2.870540088080846,0,0,1.188057562891516,2.283036608565392,2.038072277888175,0.9533897676390424,4.539059338105781,0,0,0,0,0
0,4.816823061054693,2.928968683375763,0,0,0,0,4.242427144285045,0,0.1760562995456449,1.13782687673087,3.68141779122324,0.4962956377632305,3.807194594557889,0.5136947177928208,2.293590136075541,4.479137489002394,2.345255164239874,0,1.25842634550154
3.398321469790609,2.566833142112861,4.421817757555841,0,0,0,0,4.154637735967402,1.874332010495598,0.3135840086168468,0,0.7570228759844844,0,0.7504476758280026,2.29499605102085,0,0,4.878245317349397,2.485386804999899,3.224822925982193
0,0,0,0,0,0,0,0,0,0,0,1.86911289183746,0,3.705863522127549,0,0,0,0,0,0
0,0,0,0,0,0,0,0,0,3.432889787601097,0,3.057537560729158,0,0,0,0.01029477662027989,1.883535875843154,2.697572337640375,0,0
0,3.499553157083013,2.870540088080846,4.242427144285045,4.154637735967402,0,0,0,2.527878510356648,0,0.937961106594018,0,0,0.3384624267815189,0.003477072989893082,4.994943991902273,0,4.420610591874482,1.235606205019212,2.248918623887723
2.586433757510447,2.015396814578468,0,0,1.874332010495598,0,0,2.527878510356648,0,0,0,0,0,3.783797486207531,0.2263009106848024,1.878112962672976,0,2.129600999517907,0,0.2310287996165322
1.916003347920254,1.715078446551827,0,0.1760562995456449,0.3135840086168468,0,3.432889787601097,0,0,0,4.680406398115212,3.898311014491001,1.7980582059699,0,2.819716164497866,0,1.423047308561018,0,1.043061304540825,2.212702662547041
4.900480027606339,2.870309350269604,1.188057562891516,1.13782687673087,0,0,0,0.937961106594018,0,4.680406398115212,0,0.2546890413098751,3.7422098551531,0,0,0,4.679533987907687,0,1.427982667362341,2.815975514247802
1.573792911748448,0,2.283036608565392,3.68141779122324,0.7570228759844844,1.86911289183746,3.057537560729158,0,0,3.898311014491001,0.2546890413098751,0,0.1120048360466558,0,0,0,0,3.981622071935034,2.107254044069737,0
1.892983919981895,0,2.038072277888175,0.4962956377632305,0,0,0,0,0,1.7980582059699,3.7422098551531,0.1120048360466558,0,0.07771645159672547,2.772333375263329,0.1324142924743094,3.208956214078023,0,0,0.6087093994610654
1.9160657062702,0,0.9533897676390424,3.807194594557889,0.7504476758280026,3.705863522127549,0,0.3384624267815189,3.783797486207531,0,0,0,0.07771645159672547,0,0.1252236670646778,0,0,0,0,0.7984244024851395
0,3.570538756777565,4.539059338105781,0.5136947177928208,2.29499605102085,0,0,0.003477072989893082,0.2263009106848024,2.819716164497866,0,0,2.772333375263329,0.1252236670646778,0,4.600310841123702,4.997829010831734,0,1.327102690513903,0
0,3.311522707663293,0,2.293590136075541,0,0,0.01029477662027989,4.994943991902273,1.878112962672976,0,0,0,0.1324142924743094,0,4.600310841123702,0,0.3356186190020044,2.079140354193882,0.9825976323491092,2.022646421249901
0,0,0,4.479137489002394,0,0,1.883535875843154,0,0,1.423047308561018,4.679533987907687,0,3.208956214078023,0,4.997829010831734,0.3356186190020044,0,0,3.902573466199676,0
0,0,0,2.345255164239874,4.878245317349397,0,2.697572337640375,4.420610591874482,2.129600999517907,0,0,3.981622071935034,0,0,0,2.079140354193882,0,0,0,4.12145665795537
0,0,0,0,2.485386804999899,0,0,1.235606205019212,0,1.043061304540825,1.427982667362341,2.107254044069737,0,0,1.327102690513903,0.9825976323491092,3.902573466199676,0,0,0
3.507975242112294,0,0,1.25842634550154,3.224822925982193,0,0,2.248918623887723,0.2310287996165322,2.212702662547041,2.815975514247802,0,0.6087093994610654,0.7984244024851395,0,2.022646421249901,0,4.12145665795537,0,0
0,0,2.944351949662237,0,0.3978443090068923,0,0,0,3.251031196003007,3.466138663451814,3.758420136554869,2.463682864313716,3.918858483943958,3.702011622474276,0,0,0,0,0,0.2253709976696916
0,0,0.1615768541196433,1.483801463703858,1.223099572429633,0,0,1.758859979114791,1.183987849463157,4.474214697380723,4.214126179735764,0,0,0,1.491894846534032,3.128787374004167,0,0,0,0
2.944351949662237,0.1615768541196433,0,2.657729711846244,4.47751345768505,0,0,1.001791716855091,0,0,1.818364658714309,4.523413823469499,0.2392764561108152,3.620597436757747,4.211162388252784,0,0,0,0,0
0,1.483801463703858,2.657729711846244,0,0,0,0,0.5724292931651287,0,1.641232442078174,2.840916446856343,0.2995032334531023,1.842490781090241,4.47038076111882,0.2419127035090851,0.5145771750512268,0.9291632965281171,4.792714221578105,0,2.905723652169741
0.3978443090068923,1.223099572429633,4.47751345768505,0,0,0,0,0.06415427078073965,1.834280410085453,2.823475426891591,0,0.297469500061005,0,4.788482219018271,1.077293114320419,0,0,0.8067805700004127,0.7806407062103654,0.4292486078833019
0,0,0,0,0,0,0,0,0,0,0,1.292636848346766,0,3.446865983039329,0,0,0,0,0,0
0,0,0,0,0,0,0,0,0,2.345803991879577,0,3.076743536385135,0,0,0,0.7842864396053489,0.8275765526633444,4.921351611524599,0,0
0,1.758859979114791,1.001791716855091,0.5724292931651287,0.06415427078073965,0,0,0,3.828872013997604,0,0.8560750266241135,0,0,0.5488013644962275,1.515782169519763,0.852469440282575,0,1.252581180817584,4.509066710315018,0.9966774079950652
3.251031196003007,1.183987849463157,0,0,1.834280410085453,0,0,3.828872013997604,0,0,0,0,0,4.806382933764346,3.973657648405862,1.193000517027841,0,1.502448178982183,0,0.1046357083987542
3.466138663451814,4.474214697380723,0,1.641232442078174,2.823475426891591,0,2.345803991879577,0,0,0,0.9308846396192055,1.792813432333715,1.858872055023379,0,3.341349082902303,0,3.731274085261223,0,0.7748508557065659,1.652993104266789
3.758420136554869,4.214126179735764,1.818364658714309,2.840916446856343,0,0,0,0.8560750266241135,0,0.9308846396192055,0,0.6747924911876768,1.765445167732552,0,0,0,2.822784136917847,0,3.113870487205415,0.7498704455254662
2.463682864313716,0,4.523413823469499,0.2995032334531023,0.297469500061005,1.292636848346766,3.076743536385135,0,0,1.792813432333715,0.6747924911876768,0,0.5293928339010645,0,0,0,0,0.9239955730805233,2.666270912392645,0
3.918858483943958,0,0.2392764561108152,1.842490781090241,0,0,0,0,0,1.858872055023379,1.765445167732552,0.5293928339010645,0,4.961709600163463,3.091327399709523,0.569394377613972,3.1826360357865,0,0,1.834611593104552
3.702011622474276,0,3.620597436757747,4.47038076111882,4.788482219018271,3.446865983039329,0,0.5488013644962275,4.806382933764346,0,0,0,4.961709600163463,0,2.871615108173434,0,0,0,0,2.111459894913392
0,1.491894846534032,4.211162388252784,0.2419127035090851,1.077293114320419,0,0,1.515782169519763,3.973657648405862,3.341349082902303,0,0,3.091327399709523,2.871615108173434,0,4.973191999715104,1.891092889762567,0,1.734456125062084,0
0,3.128787374004167,0,0.5145771750512268,0,0,0.7842864396053489,0.852469440282575,1.193000517027841,0,0,0,0.569394377613972,0,4.973191999715104,0,1.420993798729596,1.425981339632003,3.467870618300484,1.212483324887417
0,0,0,0.9291632965281171,0,0,0.8275765526633444,0,0,3.731274085261223,2.822784136917847,0,3.1826360357865,0,1.891092889762567,1.420993798729596,0,0,0.2319866915116753,0
0,0,0,4.792714221578105,0.8067805700004127,0,4.921351611524599,1.252581180817584,1.502448178982183,0,0,0.9239955730805233,0,0,0,1.425981339632003,0,0,0,0.05373423397097288
0,0,0,0,0.7806407062103654,0,0,4.509066710315018,0,0.7748508557065659,3.113870487205415,2.666270912392645,0,0,1.734456125062084,3.467870618300484,0.2319866915116753,0,0,0
0.2253709976696916,0,0,2.905723652169741,0.4292486078833019,0,0,0.9966774079950652,0.1046357083987542,1.652993104266789,0.7498704455254662,0,1.834611593104552,2.111459894913392,0,1.212483324887417,0,0.05373423397097288,0,0
0,0,3.083142841595653,0,2.80501882242405,0,0,0,4.356271134771649,1.520865702174314,4.548704225661353,0.2781531463255055,4.570451661368972,2.61163755189575,0,0,0,0,0,4.451256856117218
0,0,2.609664756991155,3.550193488143851,4.86752812655723,0,0,2.445737040437551,2.707442710326387,2.520800215575045,0.3791076373023949,0,0,0,1.16595689139578,3.561703354890782,0,0,0,0
3.083142841595653,2.609664756991155,0,3.220200909709885,0.3903805042222669,0,0,2.046870218086958,0,0,3.440442560063912,1.459501288062104,1.192138692127975,4.784051841822139,4.857331104942284,0,0,0,0,0
0,3.550193488143851,3.220200909709885,0,0,0,0,0.7558713138753742,0,3.254796699841902,2.800406359602785,1.135253056272421,2.56765312097289,1.238636267500575,4.694403048661865,0.8523381371386918,0.4675085529113437,4.280491829344935,0,4.04163718433629
2.80501882242405,4.86752812655723,0.3903805042222669,0,0,0,0,2.333448200687612,1.420864319104666,1.140632801056772,0,1.001029750273457,0,3.743406624780967,1.101378291776052,0,0,3.972712347853451,3.489327118895164,2.63952113194804
0,0,0,0,0,0,0,0,0,0,0,1.303016249847879,0,1.302078681233704,0,0,0,0,0,0
0,0,0,0,0,0,0,0,0,4.439695099491041,0,4.385808526167027,0,0,0,1.372751603260877,1.531124097504273,0.5279258474217396,0,0
0,2.445737040437551,2.046870218086958,0.7558713138753742,2.333448200687612,0,0,0,1.812659718585213,0,3.377842015775609,0,0,2.647781107543165,1.84590655662172,0.8630866570963031,0,2.93110577823755,4.912215466378324,3.682589993439968
4.356271134771649,2.707442710326387,0,0,1.420864319104666,0,0,1.812659718585213,0,0,0,0,0,2.849461655514939,3.556829849354465,1.213523737574563,0,4.445143525075169,0,0.4402506365616216
1.520865702174314,2.520800215575045,0,3.254796699841902,1.140632801056772,0,4.439695099491041,0,0,0,2.537175477263283,0.9206770522455943,1.914362675255561,0,1.677214846002673,0,3.469371238603016,0,4.038024327885787,4.698365530949638
4.548704225661353,0.3791076373023949,3.440442560063912,2.800406359602785,0,0,0,3.377842015775609,0,2.537175477263283,0,2.890666879306032,2.232292638222286,0,0,0,4.39804545550792,0,0.9088624318601463,4.931051317286829
0.2781531463255055,0,1.459501288062104,1.135253056272421,1.001029750273457,1.303016249847879,4.385808526167027,0,0,0.9206770522455943,2.890666879306032,0,4.659995133921329,0,0,0,0,1.1389225757551,2.151587383286495,0
4.570451661368972,0,1.192138692127975,2.56765312097289,0,0,0,0,0,1.914362675255561,2.232292638222286,4.659995133921329,0,2.278815828705328,2.08730877298573,0.9331129170453972,4.936073837960601,0,0,4.053898575759102
2.61163755189575,0,4.784051841822139,1.238636267500575,3.743406624780967,1.302078681233704,0,2.647781107543165,2.849461655514939,0,0,0,2.278815828705328,0,3.646878756147451,0,0,0,0,3.14453865475703
0,1.16595689139578,4.857331104942284,4.694403048661865,1.101378291776052,0,0,1.84590655662172,3.556829849354465,1.677214846002673,0,0,2.08730877298573,3.646878756147451,0,4.414815364933968,4.476029145084114,0,4.671313216169562,0
0,3.561703354890782,0,0.8523381371386918,0,0,1.372751603260877,0.8630866570963031,1.213523737574563,0,0,0,0.9331129170453972,0,4.414815364933968,0,2.158689639526233,4.525447467894774,3.737085752394735,4.363096057499289
0,0,0,0.4675085529113437,0,0,1.531124097504273,0,0,3.469371238603016,4.39804545550792,0,4.936073837960601,0,4.476029145084114,2.158689639526233,0,0,1.764163198673254,0
0,0,0,4.280491829344935,3.972712347853451,0,0.5279258474217396,2.93110577823755,4.445143525075169,0,0,1.1389225757551,0,0,0,4.525447467894774,0,0,0,3.732594806396499
0,0,0,0,3.489327118895164,0,0,4.912215466378324,0,4.038024327885787,0.9088624318601463,2.151587383286495,0,0,4.671313216169562,3.737085752394735,1.764163198673254,0,0,0
4.451256856117218,0,0,4.04163718433629,2.63952113194804,0,0,3.682589993439968,0.4402506365616216,4.698365530949638,4.931051317286829,0,4.053898575759102,3.14453865475703,0,4.363096057499289,0,3.732594806396499,0,0
0,0,1.198886600940392,0,2.295209111911809,0,0,0,1.655095929326258,3.248160934078045,3.042574972327556,0.4749139815255887,1.805623105176473,2.483796311374836,0,0,0,0,0,3.363098801554713
0,0,1.488239753868512,4.505488935422074,4.581071499456075,0,0,1.420635114049655,1.844536013613118,2.811117190246231,1.299249445063256,0,0,0,1.587220769124482,1.379172923539415,0,0,0,0
1.198886600940392,1.488239753868512,0,2.03753336021204,2.62935567942784,0,0,1.421568601638975,0,0,0.1950975612302797,3.910944164179242,0.06979592626115749,4.507335147655088,0.7142974573735072,0,0,0,0,0
0,4.505488935422074,2.03753336021204,0,0,0,0,3.640172458569042,0,0.1967517234366656,1.405512603487771,2.331397346692678,1.900356841393344,2.986166300100689,3.073676905930301,3.206993192555593,0.282779326503651,1.527670636014343,0,0.2521684582065664
2.295209111911809,4.581071499456075,2.62935567942784,0,0,0,0,4.158117533948507,4.571943347671673,2.202892491970012,0,4.341209437882655,0,1.032259902689167,4.450442486980031,0,0,4.622165479386288,1.023459002479181,4.257713713348614
0,0,0,0,0,0,0,0,0,0,0,2.362426268829303,0,0.04935013442899094,0,0,0,0,0,0
0,0,0,0,0,0,0,0,0,4.911794486131532,0,3.834316279807263,0,0,0,1.57614549134052,1.349872434356337,1.505023942679344,0,0
0,1.420635114049655,1.421568601638975,3.640172458569042,4.158117533948507,0,0,0,4.625087783130807,0,1.999472505782487,0,0,1.057509848118948,0.6017056135512938,0.5153520412129309,0,2.434365414753748,2.420544951374297,1.016837302940343
1.655095929326258,1.844536013613118,0,0,4.571943347671673,0,0,4.625087783130807,0,0,0,0,0,3.042530587871235,2.681806340050541,0.09469699481852389,0,0.08686898471964022,0,2.589214273649729
3.248160934078045,2.811117190246231,0,0.1967517234366656,2.202892491970012,0,4.911794486131532,0,0,0,0.7379710687455282,0.05089778646673038,1.281533654340455,0,0.1889713823069239,0,2.212615737566467,0,0.3368328708119434,3.564206311548477
3.042574972327556,1.299249445063256,0.1950975612302797,1.405512603487771,0,0,0,1.999472505782487,0,0.7379710687455282,0,4.521847169027034,0.1696753605972762,0,0,0,4.963380692156329,0,4.635729642025341,4.075119300200835
0.4749139815255887,0,3.910944164179242,2.331397346692678,4.341209437882655,2.362426268829303,3.834316279807263,0,0,0.05089778646673038,4.521847169027034,0,3.077747281747699,0,0,0,0,4.249041866483654,0.01210653709591003,0
1.805623105176473,0,0.06979592626115749,1.900356841393344,0,0,0,0,0,1.281533654340455,0.1696753605972762,3.077747281747699,0,2.602491274650624,4.224393784635698,4.627026425941975,1.934569819340517,0,0,4.488519816614071
2.483796311374836,0,4.507335147655088,2.986166300100689,1.032259902689167,0.04935013442899094,0,1.057509848118948,3.042530587871235,0,0,0,2.602491274650624,0,0.7583515193025575,0,0,0,0,2.983906555001431
0,1.587220769124482,0.7142974573735072,3.073676905930301,4.450442486980031,0,0,0.6017056135512938,2.681806340050541,0.1889713823069239,0,0,4.224393784635698,0.7583515193025575,0,2.517009526535921,2.950250230615266,0,1.86926610141684,0
0,1.379172923539415,0,3.206993192555593,0,0,1.57614549134052,0.5153520412129309,0.09469699481852389,0,0,0,4.627026425941975,0,2.517009526535921,0,2.275621712717969,3.413889216223444,2.716671422592556,2.469941470939343
0,0,0,0.282779326503651,0,0,1.349872434356337,0,0,2.212615737566467,4.963380692156329,0,1.934569819340517,0,2.950250230615266,2.275621712717969,0,0,1.784989124880317,0
0,0,0,1.527670636014343,4.622165479386288,0,1.505023942679344,2.434365414753748,0.08686898471964022,0,0,4.249041866483654,0,0,0,3.413889216223444,0,0,0,0.5151738573778469
0,0,0,0,1.023459002479181,0,0,2.420544951374297,0,0.3368328708119434,4.635729642025341,0.01210653709591003,0,0,1.86926610141684,2.716671422592556,1.784989124880317,0,0,0
3.363098801554713,0,0,0.2521684582065664,4.257713713348614,0,0,1.016837302940343,2.589214273649729,3.564206311548477,4.075119300200835,0,4.488519816614071,2.983906555001431,0,2.469941470939343,0,0.5151738573778469,0,0
0,0,3.955418507596026,0,3.325337575618885,0,0,0,2.787724443152014,1.797676201576018,2.29600684255995,1.195391389266411,4.555220400759098,4.150993940808736,0,0,0,0,0,0.8243650322457835
0,0,3.303240832563002,4.371003378337184,3.260047752335999,0,0,1.329852721533696,3.792607581396058,3.946722746042722,3.437795334108189,0,0,0,1.410091585785783,4.98042407174509,0,0,0,0
3.955418507596026,3.303240832563002,0,1.306873461110786,0.2257271269538408,0,0,4.170413525528416,0,0,3.443669921415184,0.2795346276861793,1.908499668146993,3.50292224177988,4.284559987297192,0,0,0,0,0
0,4.371003378337184,1.306873461110786,0,0,0,0,1.00987013812616,0,0.6781100725241984,4.360995572812962,4.494789604460059,0.008483020295716459,0.3830864812266521,4.959486795913341,3.938412439869902,0.2381837958578414,3.601611989789342,0,0.7437319310724327
3.325337575618885,3.260047752335999,0.2257271269538408,0,0,0,0,4.501328792109311,3.300731713006545,0.494528377526785,0,3.854370475113825,0,3.328506543688757,1.507764554168322,0,0,2.331538575710868,3.386873050346221,1.049930184592383
0,0,0,0,0,0,0,0,0,0,0,0.4741655512593351,0,1.750506743645614,0,0,0,0,0,0
0,0,0,0,0,0,0,0,0,0.1616775078545313,0,3.750454915598344,0,0,0,3.570180012240144,1.536048246552185,1.89926905035118,0,0
0,1.329852721533696,4.170413525528416,1.00987013812616,4.501328792109311,0,0,0,4.505496076509471,0,4.677634412323247,0,0,0.1298371172561907,3.559561159674208,3.030738491475729,0,4.195431435424184,0.7237478647191764,3.840801842274473
2.787724443152014,3.792607581396058,0,0,3.300731713006545,0,0,4.505496076509471,0,0,0,0,0,1.825461100635666,2.933973258266346,4.913265897640038,0,0.7402756151798695,0,4.393318910646794
1.797676201576018,3.946722746042722,0,0.6781100725241984,0.494528377526785,0,0.1616775078545313,0,0,0,4.603500168230416,0.4295739259237114,4.860189534766015,0,1.428926096460693,0,2.095641540744537,0,2.453015888527434,4.694535106294547
2.29600684255995,3.437795334108189,3.443669921415184,4.360995572812962,0,0,0,4.677634412323247,0,4.603500168230416,0,3.855831859567744,3.640072254080998,0,0,0,4.731264576969016,0,3.569868129722169,4.561099885549148
1.195391389266411,0,0.2795346276861793,4.494789604460059,3.854370475113825,0.4741655512593351,3.750454915598344,0,0,0.4295739259237114,3.855831859567744,0,3.166420041387801,0,0,0,0,2.471435352337523,3.323297057097102,0
4.555220400759098,0,1.908499668146993,0.008483020295716459,0,0,0,0,0,4.860189534766015,3.640072254080998,3.166420041387801,0,0.4444651178640685,2.757549588476881,2.748549685003179,1.308622565752119,0,0,1.733571319517782
4.150993940808736,0,3.50292224177988,0.3830864812266521,3.328506543688757,1.750506743645614,0,0.1298371172561907,1.825461100635666,0,0,0,0.4444651178640685,0,0.247412122114134,0,0,0,0,1.478697342817555
0,1.410091585785783,4.284559987297192,4.959486795913341,1.507764554168322,0,0,3.559561159674208,2.933973258266346,1.428926096460693,0,0,2.757549588476881,0.247412122114134,0,0.02940103555483908,4.175278340047779,0,2.412632291758837,0
0,4.98042407174509,0,3.938412439869902,0,0,3.570180012240144,3.030738491475729,4.913265897640038,0,0,0,2.748549685003179,0,0.02940103555483908,0,4.896759391651965,0.5213153056411612,2.629281429656367,2.117869242402655
0,0,0,0.2381837958578414,0,0,1.536048246552185,0,0,2.095641540744537,4.731264576969016,0,1.308622565752119,0,4.175278340047779,4.896759391651965,0,0,0.6486751921807526,0
0,0,0,3.601611989789342,2.331538575710868,0,1.89926905035118,4.195431435424184,0.7402756151798695,0,0,2.471435352337523,0,0,0,0.5213153056411612,0,0,0,0.2420539195312438
0,0,0,0,3.386873050346221,0,0,0.7237478647191764,0,2.453015888527434,3.569868129722169,3.323297057097102,0,0,2.412632291758837,2.629281429656367,0.6486751921807526,0,0,0
0.8243650322457835,0,0,0.7437319310724327,1.049930184592383,0,0,3.840801842274473,4.393318910646794,4.694535106294547,4.561099885549148,0,1.733571319517782,1.478697342817555,0,2.117869242402655,0,0.2420539195312438,0,0
0,0,3.528233517237615,0,2.170572213312533,0,0,0,0.1430695999489245,4.564338805574376,0.2295675605005698,3.912179671080922,0.595608602488723,0.08388106196465184,0,0,0,0,0,2.512822415634155
0,0,2.988586781406943,4.143006575950519,0.5525092218624972,0,0,3.824632290429728,3.84518473697667,1.754641570668413,2.162496367404115,0,0,0,1.252818652189247,1.502231445165514,0,0,0,0
3.528233517237615,2.988586781406943,0,3.046051387667926,3.983063039437087,0,0,3.78675840553733,0,0,1.304088410069775,1.065218986757591,4.535614834766338,4.06736028253102,3.810258924578278,0,0,0,0,0
0,4.143006575950519,3.046051387667926,0,0,0,0,3.690042279231889,0,1.193696822709296,4.228183022178825,2.721203185327592,3.587884187389307,1.332737691373057,2.383889331752434,1.861798426962731,3.413597907568033,4.273091316916602,0,2.457050103250387
2.170572213312533,0.5525092218624972,3.983063039437087,0,0,0,0,2.535265937291481,2.127668706090589,0.6355787129963364,0,4.659353762053144,0,1.097817303480498,1.250302983738014,0,0,3.0678255303333,0.6225416244412896,4.133697807076815
0,0,0,0,0,0,0,0,0,0,0,0.3157271687664387,0,4.480803777216081,0,0,0,0,0,0
0,0,0,0,0,0,0,0,0,4.123863988722551,0,0.5781094649995761,0,0,0,2.858932920983267,2.92010965100889,2.363579641248243,0,0
0,3.824632290429728,3.78675840553733,3.690042279231889,2.535265937291481,0,0,0,2.758574398047915,0,2.381175615771002,0,0,4.970599764584035,4.78756878917943,2.059450762501018,0,0.2583777652446284,2.558332867958429,1.206400718760837
0.1430695999489245,3.84518473697667,0,0,2.127668706090589,0,0,2.758574398047915,0,0,0,0,0,1.717737824416143,1.054736833296281,4.013097628839448,0,4.795811778271354,0,2.010895470676433
4.564338805574376,1.754641570668413,0,1.193696822709296,0.6355787129963364,0,4.123863988722551,0,0,0,4.647306337271964,1.64733602298494,3.302822618700762,0,4.65624526060042,0,0.7538568770988974,0,2.99209087749239,2.654779701767629
0.2295675605005698,2.162496367404115,1.304088410069775,4.228183022178825,0,0,0,2.381175615771002,0,4.647306337271964,0,3.520715568472865,3.106879288051393,0,0,0,2.391881418249604,0,4.161838849137515,3.419829509496241
3.912179671080922,0,1.065218986757591,2.721203185327592,4.659353762053144,0.3157271687664387,0.5781094649995761,0,0,1.64733602298494,3.520715568472865,0,0.03343576025996109,0,0,0,0,4.928693378913628,1.283939620792902,0
0.595608602488723,0,4.535614834766338,3.587884187389307,0,0,0,0,0,3.302822618700762,3.106879288051393,0.03343576025996109,0,3.925522889764561,4.065748878624199,0.1558662870497041,2.289043184276705,0,0,0.07951495856881097
0.08388106196465184,0,4.06736028253102,1.332737691373057,1.097817303480498,4.480803777216081,0,4.970599764584035,1.717737824416143,0,0,0,3.925522889764561,0,2.674693423081919,0,0,0,0,3.91012009006047
0,1.252818652189247,3.810258924578278,2.383889331752434,1.250302983738014,0,0,4.78756878917943,1.054736833296281,4.65624526060042,0,0,4.065748878624199,2.674693423081919,0,0.07543192778328045,2.411729468768637,0,1.191073021010403,0
0,1.502231445165514,0,1.861798426962731,0,0,2.858932920983267,2.059450762501018,4.013097628839448,0,0,0,0.1558662870497041,0,0.07543192778328045,0,4.634528225616437,0.4173924830718523,2.033572082020465,2.761832305093073
0,0,0,3.413597907568033,0,0,2.92010965100889,0,0,0.7538568770988974,2.391881418249604,0,2.289043184276705,0,2.411729468768637,4.634528225616437,0,0,4.91123139012002,0
0,0,0,4.273091316916602,3.0678255303333,0,2.363579641248243,0.2583777652446284,4.795811778271354,0,0,4.928693378913628,0,0,0,0.4173924830718523,0,0,0,0.9284555940846612
0,0,0,0,0.6225416244412896,0,0,2.558332867958429,0,2.99209087749239,4.161838849137515,1.283939620792902,0,0,1.191073021010403,2.033572082020465,4.91123139012002,0,0,0
2.512822415634155,0,0,2.457050103250387,4.133697807076815,0,0,1.206400718760837,2.010895470676433,2.654779701767629,3.419829509496241,0,0.07951495856881097,3.91012009006047,0,2.761832305093073,0,0.9284555940846612,0,0
0,0,3.689381664945058,0,0.1535143796865118,0,0,0,1.104327565334329,1.943862476891332,2.998339087650634,4.344152039878526,0.1741384508397215,1.320292842512081,0,0,0,0,0,2.659097247092103
0,0,0.3077443839390254,0.1760471113060275,2.573132372050959,0,0,2.921896652538549,1.731541864775818,1.100900134548397,1.618632366200555,0,0,0,0.6177232170721886,2.506326824394607,0,0,0,0
3.689381664945058,0.3077443839390254,0,3.163931516548375,1.57415555998062,0,0,4.329539437229327,0,0,4.282946641311815,3.882720222222557,1.517978156311174,4.332123467466038,3.801307761201952,0,0,0,0,0
0,0.1760471113060275,3.163931516548375,0,0,0,0,4.335856106315368,0,4.296797311149256,3.239893555471189,0.2856848251832222,1.725379818930239,4.231640383134977,4.913287836004327,1.532985030574103,2.377525740808331,1.538452650675852,0,4.458473221151976
0.1535143796865118,2.573132372050959,1.57415555998062,0,0,0,0,4.193647659787509,3.125501472399177,4.00814349503926,0,0.4037649856090225,0,2.246501147005264,4.483083245312693,0,0,2.052444302868838,2.977357544911368,1.032047847945501
0,0,0,0,0,0,0,0,0,0,0,4.082403412825609,0,3.716180188353699,0,0,0,0,0,0
0,0,0,0,0,0,0,0,0,3.296589652257711,0,1.02044762920658,0,0,0,2.575965809582939,2.692592671530465,1.11284360319223,0,0
0,2.921896652538549,4.329539437229327,4.335856106315368,4.193647659787509,0,0,0,2.60512523615217,0,2.011178938728254,0,0,3.72320405341503,1.611441028670115,1.278913789376409,0,3.697362885672295,4.967638088343208,3.068667438524879
1.104327565334329,1.731541864775818,0,0,3.125501472399177,0,0,2.60512523615217,0,0,0,0,0,2.999939768863584,2.069575039395043,2.817426324744867,0,3.572347237530764,0,2.806616619153089
1.943862476891332,1.100900134548397,0,4.296797311149256,4.00814349503926,0,3.296589652257711,0,0,0,0.6837570706137647,1.504150771420699,2.526432801348664,0,3.999258635679693,0,2.701460124790107,0,1.825100866177694,0.1090149088979592
2.998339087650634,1.618632366200555,4.282946641311815,3.239893555471189,0,0,0,2.011178938728254,0,0.6837570706137647,0,2.112055287274454,0.6289734967484922,0,0,0,0.6249712012767178,0,2.482413011443346,1.515153952612078
4.344152039878526,0,3.882720222222557,0.2856848251832222,0.4037649856090225,4.082403412825609,1.02044762920658,0,0,1.504150771420699,2.112055287274454,0,1.074328388372823,0,0,0,0,0.8611330902263015,2.959616886960901,0
0.1741384508397215,0,1.517978156311174,1.725379818930239,0,0,0,0,0,2.526432801348664,0.6289734967484922,1.074328388372823,0,3.588469153954299,1.576975008181499,4.382777183280297,0.5718712098515039,0,0,0.1439167279233322
1.320292842512081,0,4.332123467466038,4.231640383134977,2.246501147005264,3.716180188353699,0,3.72320405341503,2.999939768863584,0,0,0,3.588469153954299,0,0.199340138841923,0,0,0,0,1.908861171358875
0,0.6177232170721886,3.801307761201952,4.913287836004327,4.483083245312693,0,0,1.611441028670115,2.069575039395043,3.999258635679693,0,0,1.576975008181499,0.199340138841923,0,0.479684180158052,0.297205216154251,0,2.65624529551539,0
0,2.506326824394607,0,1.532985030574103,0,0,2.575965809582939,1.278913789376409,2.817426324744867,0,0,0,4.382777183280297,0,0.479684180158052,0,2.987868695396005,0.06696994017274915,2.784861574688033,1.242844937038617
0,0,0,2.377525740808331,0,0,2.692592671530465,0,0,2.701460124790107,0.6249712012767178,0,0.5718712098515039,0,0.297205216154251,2.987868695396005,0,0,2.078769218845247,0
0,0,0,1.538452650675852,2.052444302868838,0,1.11284360319223,3.697362885672295,3.572347237530764,0,0,0.8611330902263015,0,0,0,0.06696994017274915,0,0,0,2.36419854797182
0,0,0,0,2.977357544911368,0,0,4.967638088343208,0,1.825100866177694,2.482413011443346,2.959616886960901,0,0,2.65624529551539,2.784861574688033,2.078769218845247,0,0,0
2.659097247092103,0,0,4.458473221151976,1.032047847945501,0,0,3.068667438524879,2.806616619153089,0.1090149088979592,1.515153952612078,0,0.1439167279233322,1.908861171358875,0,1.242844937038617,0,2.36419854797182,0,0
